ts_code,trade_date,open,high,low,close,pre_close,change,pct_chg,vol,amount
300001.SZ,20240603,21.8,21.88,21.34,21.58,21.55,0.03,0.1392,165872.0,357059.035
300002.SZ,20240603,8.5,8.84,8.45,8.8,8.46,0.34,4.0189,1008746.78,876542.411
300003.SZ,20240603,16.47,16.66,15.83,15.99,16.47,-0.48,-2.9144,270330.05,438810.252
300004.SZ,20240603,5.0,5.19,4.85,4.9,5.1,-0.2,-3.9216,194446.02,97047.356
300005.SZ,20240603,5.78,5.82,5.65,5.73,5.79,-0.06,-1.0363,98503.5,56364.096
300006.SZ,20240603,2.7,2.7,2.55,2.58,2.7,-0.12,-4.4444,120757.58,31404.363
300007.SZ,20240603,14.09,14.75,14.04,14.34,14.1,0.24,1.7021,135743.24,194881.193
300008.SZ,20240603,3.92,4.08,3.91,3.95,3.97,-0.02,-0.5038,1007008.01,401435.336
300009.SZ,20240603,9.25,9.34,9.09,9.18,9.29,-0.11,-1.1841,144643.97,133145.038
300010.SZ,20240603,3.02,3.05,2.87,2.92,3.07,-0.15,-4.886,348328.95,101682.388
300011.SZ,20240603,5.65,5.66,5.3,5.36,5.64,-0.28,-4.9645,100609.99,54843.114
300012.SZ,20240603,11.42,11.45,11.17,11.27,11.41,-0.14,-1.227,118597.39,133632.854
300013.SZ,20240603,1.92,1.93,1.71,1.8,1.93,-0.13,-6.7358,110774.5,20318.067
300014.SZ,20240603,39.68,41.2,39.56,40.78,39.18,1.6,4.0837,478653.53,1934003.385
300015.SZ,20240603,12.12,12.24,11.97,12.03,12.12,-0.09,-0.7426,508608.54,613948.055
300016.SZ,20240603,5.16,5.19,4.76,4.82,5.15,-0.33,-6.4078,150559.25,73544.411
300017.SZ,20240603,8.29,8.39,8.18,8.29,8.28,0.01,0.1208,491651.81,406873.479
300018.SZ,20240603,5.19,5.19,4.83,4.88,5.14,-0.26,-5.0584,156765.0,77430.601
300019.SZ,20240603,13.42,13.5,12.91,13.0,13.62,-0.62,-4.5521,124357.43,162644.911
300020.SZ,20240603,2.01,2.07,1.74,1.74,2.17,-0.43,-19.8157,1182917.15,220710.97
300021.SZ,20240603,3.65,3.67,3.5,3.52,3.65,-0.13,-3.5616,109811.0,39006.285
300022.SZ,20240603,3.92,3.93,3.77,3.86,3.93,-0.07,-1.7812,57373.01,22068.025
300024.SZ,20240603,10.37,10.42,10.1,10.19,10.32,-0.13,-1.2597,159192.2,163204.186
300025.SZ,20240603,9.63,9.77,9.22,9.34,9.63,-0.29,-3.0114,86113.0,80798.793
300026.SZ,20240603,3.62,3.64,3.57,3.59,3.62,-0.03,-0.8287,197072.0,71032.007
300027.SZ,20240603,1.84,1.85,1.76,1.77,1.82,-0.05,-2.7473,321042.0,57477.372
300029.SZ,20240603,4.21,4.29,4.0,4.07,4.23,-0.16,-3.7825,21961.01,8984.506
300030.SZ,20240603,4.45,4.47,4.26,4.32,4.47,-0.15,-3.3557,59049.0,25741.461
300031.SZ,20240603,14.44,14.5,14.09,14.29,14.46,-0.17,-1.1757,119404.36,170307.628
300032.SZ,20240603,3.58,3.6,3.41,3.46,3.59,-0.13,-3.6212,170887.0,59717.612
300033.SZ,20240603,115.99,116.0,112.34,114.14,116.65,-2.51,-2.1517,67632.29,772936.894
300034.SZ,20240603,16.8,16.94,16.2,16.39,16.74,-0.35,-2.0908,164365.6,270561.496
300035.SZ,20240603,9.52,9.55,9.16,9.23,9.57,-0.34,-3.5528,115612.0,107340.376
300036.SZ,20240603,14.39,14.4,13.95,14.06,14.37,-0.31,-2.1573,87235.68,123440.298
300037.SZ,20240603,31.35,31.39,30.06,30.54,31.4,-0.86,-2.7389,87943.51,268761.317
300039.SZ,20240603,5.84,5.86,5.69,5.73,5.87,-0.14,-2.385,124034.11,71360.161
300040.SZ,20240603,6.54,6.98,6.47,6.84,6.74,0.1,1.4837,967816.72,651213.323
300041.SZ,20240603,8.37,8.39,8.13,8.23,8.44,-0.21,-2.4882,155428.86,127887.636
300042.SZ,20240603,24.0,25.75,23.94,24.8,24.13,0.67,2.7766,93471.99,232901.06
300043.SZ,20240603,2.51,2.51,2.41,2.43,2.51,-0.08,-3.1873,298175.0,72846.748
300044.SZ,20240603,4.14,4.17,3.97,4.03,4.1,-0.07,-1.7073,412780.01,166992.734
300045.SZ,20240603,19.25,19.49,18.6,18.93,19.08,-0.15,-0.7862,304699.1,580938.948
300046.SZ,20240603,14.1,15.6,13.76,15.11,14.34,0.77,5.3696,452482.54,661050.069
300047.SZ,20240603,7.02,7.07,6.79,6.86,7.05,-0.19,-2.695,183711.06,127223.924
300048.SZ,20240603,5.15,5.21,5.08,5.12,5.23,-0.11,-2.1033,70079.8,36020.555
300049.SZ,20240603,50.16,54.11,50.16,52.33,50.2,2.13,4.243,70514.0,372436.307
300050.SZ,20240603,3.03,3.05,2.89,2.93,3.02,-0.09,-2.9801,161856.0,47699.86
300051.SZ,20240603,8.48,8.9,8.3,8.7,8.35,0.35,4.1916,133871.67,114903.365
300052.SZ,20240603,13.34,13.53,13.08,13.25,13.62,-0.37,-2.7166,87934.28,116258.865
300053.SZ,20240603,10.88,11.04,10.46,10.56,10.83,-0.27,-2.4931,460898.13,494402.015
300054.SZ,20240603,22.84,23.1,22.35,22.57,22.49,0.08,0.3557,117234.0,266674.024
300055.SZ,20240603,4.8,4.81,4.5,4.58,4.79,-0.21,-4.3841,68515.37,31491.902
300056.SZ,20240603,10.36,10.44,9.96,9.98,10.53,-0.55,-5.2232,141991.05,143617.237
300057.SZ,20240603,4.84,4.87,4.58,4.64,4.88,-0.24,-4.918,241795.93,112877.853
300058.SZ,20240603,6.02,6.04,5.89,5.92,6.03,-0.11,-1.8242,317838.03,189237.131
300059.SZ,20240603,12.33,12.4,12.22,12.3,12.41,-0.11,-0.8864,1279312.87,1572294.683
300061.SZ,20240603,4.01,4.02,3.78,3.81,4.0,-0.19,-4.75,103975.0,40157.747
300062.SZ,20240603,5.14,5.15,4.89,4.95,5.12,-0.17,-3.3203,142940.8,71078.724
300063.SZ,20240603,4.24,4.27,4.14,4.19,4.27,-0.08,-1.8735,212006.5,88841.51
300065.SZ,20240603,6.75,6.81,6.51,6.57,6.78,-0.21,-3.0973,149164.5,99007.18
300066.SZ,20240603,3.3,3.3,3.16,3.19,3.3,-0.11,-3.3333,108241.75,34826.399
300067.SZ,20240603,4.16,4.25,4.07,4.12,4.18,-0.06,-1.4354,407614.93,169335.746
300068.SZ,20240603,10.0,10.0,9.61,9.71,9.97,-0.26,-2.6078,220191.45,214304.817
300069.SZ,20240603,13.56,13.9,12.5,12.5,14.56,-2.06,-14.1484,134807.41,175675.491
300070.SZ,20240603,4.67,4.68,4.57,4.61,4.68,-0.07,-1.4957,227430.8,104884.39
300071.SZ,20240603,2.39,2.43,2.31,2.32,2.4,-0.08,-3.3333,134432.0,31783.898
300072.SZ,20240603,2.3,2.3,2.19,2.22,2.31,-0.09,-3.8961,209040.7,46762.047
300073.SZ,20240603,39.45,39.69,38.81,39.53,39.68,-0.15,-0.378,130008.57,510180.892
300074.SZ,20240603,3.71,3.76,3.51,3.57,3.72,-0.15,-4.0323,196718.2,70841.207
300075.SZ,20240603,15.1,15.12,14.75,14.92,15.09,-0.17,-1.1266,121341.26,180880.961
300076.SZ,20240603,3.7,3.72,3.54,3.6,3.7,-0.1,-2.7027,131374.0,47747.575
300077.SZ,20240603,9.42,9.65,9.31,9.49,9.51,-0.02,-0.2103,136692.44,129779.028
300078.SZ,20240603,2.69,2.7,2.52,2.57,2.68,-0.11,-4.1045,161021.79,41562.462
300079.SZ,20240603,4.37,4.37,4.23,4.26,4.34,-0.08,-1.8433,171906.0,73628.936
300080.SZ,20240603,3.76,3.76,3.46,3.55,3.76,-0.21,-5.5851,215804.36,76649.275
300081.SZ,20240603,5.88,5.88,5.6,5.64,5.82,-0.18,-3.0928,127940.24,72914.555
300082.SZ,20240603,5.24,5.27,5.01,5.1,5.28,-0.18,-3.4091,74401.0,37862.87
300083.SZ,20240603,6.59,6.69,6.48,6.6,6.61,-0.01,-0.1513,640234.89,421819.051
300084.SZ,20240603,5.83,5.92,5.74,5.8,5.8,0.0,0.0,50248.0,29352.736
300085.SZ,20240603,9.21,9.33,8.8,8.88,9.24,-0.36,-3.8961,106469.0,95277.628
300086.SZ,20240603,4.15,4.15,3.94,3.95,4.15,-0.2,-4.8193,82112.53,32905.278
300087.SZ,20240603,7.09,7.12,6.91,6.96,7.08,-0.12,-1.6949,83156.3,58062.624
300088.SZ,20240603,4.96,4.96,4.73,4.77,4.84,-0.07,-1.4463,350739.0,168671.847
300091.SZ,20240603,1.64,1.64,1.48,1.51,1.63,-0.12,-7.362,375496.48,57282.263
300092.SZ,20240603,12.0,12.52,11.82,12.06,12.27,-0.21,-1.7115,167439.67,203514.146
300093.SZ,20240603,15.76,15.99,15.3,15.79,16.4,-0.61,-3.7195,271015.83,423608.187
300094.SZ,20240603,3.12,3.2,3.03,3.07,3.1,-0.03,-0.9677,460548.52,143051.124
300095.SZ,20240603,6.06,6.07,5.76,5.83,6.08,-0.25,-4.1118,64490.29,38018.108
300096.SZ,20240603,2.61,2.62,2.32,2.36,2.61,-0.25,-9.5785,167525.17,40324.275
300097.SZ,20240603,6.4,6.41,6.11,6.16,6.41,-0.25,-3.9002,89761.0,56095.266
300098.SZ,20240603,3.29,3.33,3.13,3.16,3.22,-0.06,-1.8634,292028.94,94250.923
300099.SZ,20240603,5.1,5.11,4.81,4.87,5.08,-0.21,-4.1339,94027.0,46458.566
300100.SZ,20240603,11.04,11.66,11.04,11.25,10.72,0.53,4.944,336718.4,379610.008
300101.SZ,20240603,15.35,16.8,15.2,16.0,15.19,0.81,5.3325,283260.31,454483.903
300102.SZ,20240603,6.85,7.0,6.58,6.66,6.92,-0.26,-3.7572,358496.14,242202.869
300103.SZ,20240603,4.0,4.0,3.76,3.96,4.01,-0.05,-1.2469,69182.0,26782.8
300105.SZ,20240603,7.5,7.53,6.97,7.04,7.53,-0.49,-6.5073,295508.33,211712.696
300106.SZ,20240603,6.42,6.49,6.18,6.38,6.49,-0.11,-1.6949,111503.3,70336.955
300107.SZ,20240603,9.88,10.69,9.83,10.08,9.67,0.41,4.2399,782624.53,801017.823
300108.SZ,20240603,1.65,1.66,1.53,1.6,1.66,-0.06,-3.6145,105744.5,16846.772
300109.SZ,20240603,20.88,21.07,20.63,20.99,20.87,0.12,0.575,41911.16,87605.568
300110.SZ,20240603,3.43,3.43,3.29,3.32,3.42,-0.1,-2.924,115971.6,38799.014
300111.SZ,20240603,2.25,2.27,2.16,2.19,2.26,-0.07,-3.0973,121406.96,26701.235
300112.SZ,20240603,7.73,7.74,7.34,7.44,7.7,-0.26,-3.3766,55361.5,41691.178
300113.SZ,20240603,11.0,11.02,10.7,10.79,11.02,-0.23,-2.0871,86662.26,93987.084
300115.SZ,20240603,11.35,11.49,11.05,11.21,11.28,-0.07,-0.6206,656542.12,739142.643
300117.SZ,20240603,0.72,0.82,0.72,0.72,0.9,-0.18,-20.0,643965.84,47018.017
300118.SZ,20240603,14.29,14.55,13.9,14.09,14.4,-0.31,-2.1528,634500.99,894435.315
300119.SZ,20240603,15.3,15.36,14.66,14.89,15.28,-0.39,-2.5524,53525.56,80153.635
300120.SZ,20240603,5.42,5.43,5.21,5.32,5.43,-0.11,-2.0258,127177.19,67541.787
300121.SZ,20240603,8.35,8.38,8.17,8.25,8.38,-0.13,-1.5513,36806.0,30354.344
300122.SZ,20240603,32.6,32.75,31.81,31.98,32.8,-0.82,-2.5,183542.16,589870.386
300123.SZ,20240603,5.0,5.07,4.81,4.86,5.03,-0.17,-3.3797,308769.02,151830.689
300124.SZ,20240603,56.79,57.65,55.44,55.88,57.94,-2.06,-3.5554,199637.02,1122083.892
300125.SZ,20240603,2.0,2.03,1.68,1.68,2.1,-0.42,-20.0,323232.51,58436.161
300126.SZ,20240603,5.16,5.24,4.76,4.82,5.1,-0.28,-5.4902,73003.0,35790.248
300127.SZ,20240603,16.05,16.1,15.46,15.66,16.11,-0.45,-2.7933,52845.27,83148.24
300128.SZ,20240603,3.48,3.49,3.33,3.37,3.49,-0.12,-3.4384,255249.0,86432.468
300129.SZ,20240603,7.86,7.89,7.62,7.67,7.89,-0.22,-2.7883,196271.35,151953.055
300130.SZ,20240603,19.52,19.57,18.78,18.98,19.67,-0.69,-3.5079,125205.77,239001.357
300131.SZ,20240603,4.75,4.84,4.69,4.78,4.75,0.03,0.6316,358814.88,171088.432
300132.SZ,20240603,4.14,4.16,3.91,3.99,4.15,-0.16,-3.8554,103662.0,41448.881
300133.SZ,20240603,7.14,7.28,7.0,7.17,7.11,0.06,0.8439,895953.48,641306.507
300134.SZ,20240603,7.38,7.5,7.11,7.18,7.45,-0.27,-3.6242,78896.99,57408.415
300135.SZ,20240603,3.15,3.23,3.05,3.06,3.18,-0.12,-3.7736,356745.0,111377.971
300136.SZ,20240603,18.5,18.79,18.23,18.41,18.3,0.11,0.6011,202048.18,373463.539
300137.SZ,20240603,5.19,5.2,4.9,4.96,5.21,-0.25,-4.7985,60455.6,30261.281
300138.SZ,20240603,8.98,8.99,8.49,8.51,8.96,-0.45,-5.0223,137184.73,118004.254
300139.SZ,20240603,12.48,12.58,12.05,12.2,12.82,-0.62,-4.8362,407240.0,499030.137
300140.SZ,20240603,6.83,6.84,6.51,6.57,6.82,-0.25,-3.6657,76656.86,50937.386
300141.SZ,20240603,7.99,7.99,7.51,7.64,8.03,-0.39,-4.8568,103681.52,79477.631
300142.SZ,20240603,13.22,13.25,12.84,12.91,13.36,-0.45,-3.3683,209756.95,272494.441
300143.SZ,20240603,7.84,7.85,7.59,7.65,7.82,-0.17,-2.1739,37726.0,29024.038
300144.SZ,20240603,10.11,10.21,9.83,9.99,10.21,-0.22,-2.1548,246004.02,244732.817
300145.SZ,20240603,2.89,2.89,2.78,2.81,2.89,-0.08,-2.7682,282890.2,79910.698
300146.SZ,20240603,15.15,15.16,14.86,15.0,15.12,-0.12,-0.7937,84616.79,126820.873
300147.SZ,20240603,3.6,3.6,3.44,3.47,3.62,-0.15,-4.1436,152191.06,53155.902
300148.SZ,20240603,2.69,2.7,2.58,2.61,2.7,-0.09,-3.3333,151704.0,39806.885
300149.SZ,20240603,4.89,4.89,4.63,4.68,4.86,-0.18,-3.7037,65423.11,30897.269
300150.SZ,20240603,3.04,3.04,2.82,2.88,3.04,-0.16,-5.2632,105615.0,30665.167
300151.SZ,20240603,16.8,17.35,16.45,16.78,16.62,0.16,0.9627,88823.39,150453.0
300152.SZ,20240603,1.86,1.88,1.74,1.78,1.83,-0.05,-2.7322,266747.71,47547.548
300153.SZ,20240603,6.47,6.5,6.08,6.15,6.49,-0.34,-5.2388,98010.0,60858.622
300154.SZ,20240603,6.07,6.11,5.85,5.9,6.03,-0.13,-2.1559,50271.0,29954.48
300155.SZ,20240603,4.45,4.49,4.2,4.28,4.46,-0.18,-4.0359,327452.81,141073.093
300157.SZ,20240603,2.28,2.28,2.11,2.15,2.27,-0.12,-5.2863,150381.1,32536.04
300158.SZ,20240603,4.45,4.45,4.24,4.26,4.44,-0.18,-4.0541,219530.57,94495.668
300159.SZ,20240603,2.47,2.54,2.35,2.38,2.51,-0.13,-5.1793,1078255.0,260433.595
300160.SZ,20240603,5.22,5.23,5.03,5.08,5.22,-0.14,-2.682,111020.49,56512.289
300161.SZ,20240603,25.75,25.88,24.88,25.1,25.83,-0.73,-2.8262,30488.0,77136.224
300162.SZ,20240603,7.83,8.38,7.57,8.1,7.83,0.27,3.4483,559904.51,445638.402
300163.SZ,20240603,1.21,1.22,1.02,1.07,1.28,-0.21,-16.4063,567454.02,59586.592
300164.SZ,20240603,4.07,4.1,3.88,3.94,4.1,-0.16,-3.9024,242683.0,96759.527
300165.SZ,20240603,2.97,2.98,2.71,2.79,2.95,-0.16,-5.4237,255470.07,71601.045
300166.SZ,20240603,6.72,6.75,6.51,6.57,6.73,-0.16,-2.3774,129560.6,85580.962
300167.SZ,20240603,1.34,1.36,1.15,1.19,1.39,-0.2,-14.3885,273985.0,33921.365
300168.SZ,20240603,5.55,5.58,5.26,5.31,5.55,-0.24,-4.3243,137820.96,73928.105
300169.SZ,20240603,4.88,4.92,4.68,4.76,4.92,-0.16,-3.252,146304.0,70084.044
300170.SZ,20240603,6.47,6.5,6.28,6.33,6.5,-0.17,-2.6154,156484.0,99810.69
300171.SZ,20240603,14.12,14.12,13.74,13.8,14.13,-0.33,-2.3355,54572.3,75759.26
300172.SZ,20240603,5.18,5.18,5.01,5.04,5.17,-0.13,-2.5145,205705.54,104435.159
300173.SZ,20240603,4.09,4.12,3.88,3.91,4.11,-0.2,-4.8662,172017.0,68196.332
300174.SZ,20240603,15.31,15.48,15.0,15.14,15.29,-0.15,-0.981,30490.57,46497.916
300175.SZ,20240603,9.94,10.1,8.11,8.11,10.14,-2.03,-20.0197,1010843.28,911410.688
300176.SZ,20240603,5.0,5.03,4.73,4.81,4.97,-0.16,-3.2193,65773.0,31931.835
300177.SZ,20240603,6.48,6.65,6.18,6.43,6.45,-0.02,-0.3101,655895.67,421270.506
300179.SZ,20240603,7.84,7.86,7.42,7.49,7.79,-0.3,-3.8511,56193.0,42696.446
300180.SZ,20240603,4.0,4.02,3.92,3.93,4.09,-0.16,-3.912,616369.1,243932.595
300181.SZ,20240603,14.89,15.78,14.78,15.54,14.93,0.61,4.0857,235494.9,363778.169
300182.SZ,20240603,4.49,4.52,4.38,4.43,4.5,-0.07,-1.5556,451482.8,200112.93
300183.SZ,20240603,12.52,12.74,12.26,12.45,12.59,-0.14,-1.112,85043.52,105846.31
300184.SZ,20240603,4.87,5.03,4.85,4.95,4.85,0.1,2.0619,700013.0,346675.416
300185.SZ,20240603,2.1,2.11,2.0,2.01,2.11,-0.1,-4.7393,511225.0,104324.821
300187.SZ,20240603,5.81,5.82,5.59,5.8,5.82,-0.02,-0.3436,56555.06,32364.528
300188.SZ,20240603,12.33,12.44,12.05,12.15,12.33,-0.18,-1.4599,87511.0,106888.993
300189.SZ,20240603,2.21,2.21,2.15,2.16,2.2,-0.04,-1.8182,106067.0,22987.181
300190.SZ,20240603,3.25,3.25,3.09,3.14,3.25,-0.11,-3.3846,96222.1,30435.619
300191.SZ,20240603,14.49,14.67,13.9,14.03,14.15,-0.12,-0.8481,40994.0,58688.307
300192.SZ,20240603,10.73,11.1,10.51,11.0,10.83,0.17,1.5697,125318.0,135545.881
300193.SZ,20240603,8.39,8.46,8.08,8.18,8.37,-0.19,-2.27,85958.2,71030.832
300194.SZ,20240603,4.07,4.08,3.95,4.0,4.08,-0.08,-1.9608,188281.99,75500.479
300195.SZ,20240603,4.75,4.75,4.46,4.53,4.75,-0.22,-4.6316,87760.0,40206.612
300196.SZ,20240603,11.76,11.78,11.45,11.64,11.76,-0.12,-1.0204,19010.0,22105.861
300197.SZ,20240603,1.53,1.55,1.48,1.49,1.54,-0.05,-3.2468,423583.63,63462.63
300198.SZ,20240603,1.41,1.41,1.33,1.36,1.41,-0.05,-3.5461,271387.0,37067.528
300199.SZ,20240603,10.66,11.21,10.15,10.31,12.18,-1.87,-15.353,652403.32,689952.548
300200.SZ,20240603,8.1,8.75,8.01,8.58,8.15,0.43,5.2761,341311.83,286796.429
300201.SZ,20240603,3.85,3.86,3.7,3.72,3.86,-0.14,-3.6269,118747.08,44595.317
300203.SZ,20240603,11.38,11.4,10.9,11.06,11.23,-0.17,-1.5138,98330.87,108255.574
300204.SZ,20240603,6.31,6.36,6.07,6.14,6.36,-0.22,-3.4591,61690.97,38137.818
300205.SZ,20240603,6.96,7.08,6.4,6.81,7.0,-0.19,-2.7143,89805.87,60254.301
300206.SZ,20240603,9.59,9.63,9.31,9.4,9.54,-0.14,-1.4675,52166.0,49336.475
300207.SZ,20240603,15.44,15.88,15.33,15.62,15.52,0.1,0.6443,426298.42,665989.802
300208.SZ,20240603,1.79,1.79,1.47,1.47,1.84,-0.37,-20.1087,266952.2,41912.814
300209.SZ,20240603,2.59,2.59,2.13,2.3,2.6,-0.3,-11.5385,128727.34,30247.896
300210.SZ,20240603,10.02,10.12,9.61,9.78,10.16,-0.38,-3.7402,205978.42,202975.803
300211.SZ,20240603,6.23,6.23,5.85,5.94,6.17,-0.23,-3.7277,34053.04,20436.234
300212.SZ,20240603,18.8,18.97,18.24,18.4,18.62,-0.22,-1.1815,97953.64,181067.156
300213.SZ,20240603,6.21,6.22,5.96,6.07,6.19,-0.12,-1.9386,153769.6,93479.509
300214.SZ,20240603,5.65,5.71,5.36,5.44,5.69,-0.25,-4.3937,147671.0,80925.651
300215.SZ,20240603,6.05,6.18,5.81,5.87,6.3,-0.43,-6.8254,651870.97,386987.494
300217.SZ,20240603,4.16,4.17,4.06,4.11,4.17,-0.06,-1.4388,133388.07,54731.872
300218.SZ,20240603,16.72,16.9,16.45,16.55,16.74,-0.19,-1.135,25294.25,42069.365
300219.SZ,20240603,6.36,6.44,6.24,6.31,6.4,-0.09,-1.4063,130576.0,82372.496
300220.SZ,20240603,8.95,8.95,7.67,8.0,9.0,-1.0,-11.1111,63263.23,51464.438
300221.SZ,20240603,5.63,5.74,5.51,5.55,5.63,-0.08,-1.421,172559.94,97049.416
300222.SZ,20240603,5.87,5.87,5.6,5.67,5.9,-0.23,-3.8983,134376.0,76612.397
300223.SZ,20240603,59.17,61.13,58.99,60.22,58.22,2.0,3.4352,125662.13,757938.017
300224.SZ,20240603,10.35,10.35,9.92,10.0,10.34,-0.34,-3.2882,67860.0,68430.838
300225.SZ,20240603,5.38,5.43,5.14,5.19,5.43,-0.24,-4.4199,121330.6,63252.797
300226.SZ,20240603,19.45,19.45,18.45,18.61,19.35,-0.74,-3.8243,78495.94,147662.123
300227.SZ,20240603,5.93,5.99,5.63,5.72,5.97,-0.25,-4.1876,263310.0,152531.211
300228.SZ,20240603,6.4,6.53,5.9,5.98,6.47,-0.49,-7.5734,478101.76,297040.241
300229.SZ,20240603,14.57,14.59,13.97,14.1,14.52,-0.42,-2.8926,176739.5,250709.184
300230.SZ,20240603,3.82,3.82,3.61,3.66,3.81,-0.15,-3.937,129027.4,47699.49
300231.SZ,20240603,8.05,8.14,7.82,7.88,8.06,-0.18,-2.2333,64273.33,51135.775
300232.SZ,20240603,5.46,5.51,5.32,5.36,5.46,-0.1,-1.8315,153071.9,82576.612
300233.SZ,20240603,16.66,16.73,16.27,16.4,16.72,-0.32,-1.9139,50457.0,83070.857
300234.SZ,20240603,4.44,4.44,4.14,4.23,4.49,-0.26,-5.7906,155505.5,66074.568
300235.SZ,20240603,8.6,8.62,8.27,8.36,8.57,-0.21,-2.4504,40841.2,34377.633
300236.SZ,20240603,32.85,33.4,32.52,32.87,32.46,0.41,1.2631,57799.29,190473.714
300237.SZ,20240603,1.2,1.22,1.15,1.16,1.21,-0.05,-4.1322,219704.08,25857.375
300238.SZ,20240603,10.04,10.04,9.68,9.78,10.07,-0.29,-2.8798,69432.0,68253.12
300239.SZ,20240603,5.06,5.07,4.89,4.94,5.08,-0.14,-2.7559,82119.0,40772.13
300240.SZ,20240603,5.32,5.35,5.07,5.15,5.32,-0.17,-3.1955,45314.0,23446.741
300241.SZ,20240603,4.18,4.26,4.06,4.1,4.16,-0.06,-1.4423,210649.51,87426.715
300242.SZ,20240603,2.06,2.1,1.94,1.98,2.04,-0.06,-2.9412,348605.0,70172.044
300243.SZ,20240603,10.99,11.04,10.62,10.81,10.98,-0.17,-1.5483,109175.39,118151.495
300244.SZ,20240603,13.35,13.38,12.85,12.97,13.38,-0.41,-3.0643,115847.23,151112.345
300245.SZ,20240603,5.7,5.74,5.28,5.35,5.7,-0.35,-6.1404,95808.0,52099.026
300246.SZ,20240603,6.81,6.81,6.51,6.57,6.84,-0.27,-3.9474,40084.5,26634.609
300247.SZ,20240603,2.81,2.82,2.7,2.74,2.81,-0.07,-2.4911,122709.0,33909.369
300248.SZ,20240603,6.97,6.98,6.65,6.7,6.94,-0.24,-3.4582,45927.04,31192.889
300249.SZ,20240603,6.9,6.93,6.76,6.84,6.93,-0.09,-1.2987,80034.0,54638.426
300250.SZ,20240603,11.81,11.91,11.26,11.32,11.81,-0.49,-4.149,66772.0,76679.777
300251.SZ,20240603,9.1,9.16,8.89,9.0,9.09,-0.09,-0.9901,297105.29,267230.682
300252.SZ,20240603,7.27,7.46,7.2,7.33,7.22,0.11,1.5235,274081.2,200534.546
300253.SZ,20240603,6.1,6.19,6.01,6.07,6.2,-0.13,-2.0968,236675.36,144093.057
300254.SZ,20240603,9.12,9.14,8.6,8.69,9.2,-0.51,-5.5435,191418.72,167896.078
300255.SZ,20240603,10.25,10.26,9.98,10.07,10.35,-0.28,-2.7053,148697.06,150160.092
300256.SZ,20240603,2.04,2.08,1.97,1.98,2.0,-0.02,-1.0,267227.5,53870.91
300257.SZ,20240603,11.93,11.99,11.45,11.62,11.93,-0.31,-2.5985,82253.04,95616.942
300258.SZ,20240603,9.51,9.53,9.12,9.21,9.47,-0.26,-2.7455,58606.0,54439.775
300259.SZ,20240603,2.92,2.92,2.83,2.84,2.91,-0.07,-2.4055,80119.2,22974.961
300260.SZ,20240603,22.62,23.35,22.5,22.75,22.96,-0.21,-0.9146,92837.71,212560.634
300261.SZ,20240603,6.4,6.41,6.0,6.09,6.44,-0.35,-5.4348,258372.65,159184.118
300263.SZ,20240603,6.3,6.37,5.93,5.99,6.34,-0.35,-5.5205,303889.65,184650.295
300264.SZ,20240603,4.48,4.49,4.27,4.31,4.48,-0.17,-3.7946,100404.0,43809.66
300265.SZ,20240603,8.5,9.48,8.35,9.04,8.1,0.94,11.6049,1113011.24,983574.422
300266.SZ,20240603,1.67,1.68,1.56,1.58,1.64,-0.06,-3.6585,164204.87,26248.349
300267.SZ,20240603,2.4,2.41,2.3,2.32,2.4,-0.08,-3.3333,199232.92,46474.862
300268.SZ,20240603,7.18,7.22,6.76,6.9,7.17,-0.27,-3.7657,17543.0,12234.032
300269.SZ,20240603,3.55,3.56,3.36,3.39,3.54,-0.15,-4.2373,201635.71,69103.793
300270.SZ,20240603,5.88,6.03,5.63,5.69,5.82,-0.13,-2.2337,101151.05,58689.146
300271.SZ,20240603,5.52,5.57,5.24,5.31,5.53,-0.22,-3.9783,130692.74,70051.96
300272.SZ,20240603,5.64,5.67,5.54,5.6,5.64,-0.04,-0.7092,185644.34,104001.098
300274.SZ,20240603,98.2,99.68,97.02,98.81,98.69,0.12,0.1216,113014.69,1110177.37
300275.SZ,20240603,11.01,11.14,10.61,10.76,11.1,-0.34,-3.0631,54005.0,58481.575
300276.SZ,20240603,3.64,3.66,3.5,3.54,3.66,-0.12,-3.2787,199760.78,71506.38
300277.SZ,20240603,7.16,7.16,6.75,6.89,7.17,-0.28,-3.9052,75083.55,51957.719
300278.SZ,20240603,3.34,3.34,3.2,3.25,3.32,-0.07,-2.1084,135081.0,44017.402
300279.SZ,20240603,4.74,4.8,4.55,4.59,4.76,-0.17,-3.5714,86925.05,40484.127
300280.SZ,20240603,14.67,16.49,14.67,15.58,14.8,0.78,5.2703,318838.0,497590.293
300281.SZ,20240603,4.8,5.5,4.8,5.41,5.03,0.38,7.5547,614497.78,316560.193
300283.SZ,20240603,5.02,5.16,4.87,5.0,5.05,-0.05,-0.9901,182418.56,91590.414
300284.SZ,20240603,7.4,7.55,7.29,7.38,7.38,0.0,0.0,459412.75,340617.064
300285.SZ,20240603,19.05,19.18,18.43,18.67,19.1,-0.43,-2.2513,90396.93,169551.085
300286.SZ,20240603,25.2,25.6,25.0,25.29,25.67,-0.38,-1.4803,38087.33,96194.43
300287.SZ,20240603,2.14,2.16,2.02,2.04,2.12,-0.08,-3.7736,327935.52,67466.662
300288.SZ,20240603,11.8,11.84,11.4,11.5,11.83,-0.33,-2.7895,47051.0,54559.549
300289.SZ,20240603,4.56,4.56,4.32,4.37,4.56,-0.19,-4.1667,52157.0,23032.262
300290.SZ,20240603,12.42,12.7,11.48,11.67,12.93,-1.26,-9.7448,1235327.12,1470526.214
300291.SZ,20240603,4.74,4.79,4.62,4.66,4.74,-0.08,-1.6878,164041.04,76910.975
300292.SZ,20240603,3.98,4.07,3.88,4.01,3.98,0.03,0.7538,1220331.47,483232.995
300293.SZ,20240603,15.0,15.59,14.78,15.27,15.24,0.03,0.1969,347015.37,527773.248
300294.SZ,20240603,33.0,33.75,32.53,32.84,32.92,-0.08,-0.243,38977.0,129305.76
300295.SZ,20240603,10.17,10.29,9.82,10.15,10.22,-0.07,-0.6849,189766.88,190286.062
300296.SZ,20240603,4.83,4.84,4.7,4.74,4.82,-0.08,-1.6598,188091.56,89702.149
300298.SZ,20240603,27.87,27.88,27.0,27.44,27.87,-0.43,-1.5429,64835.51,177581.225
300299.SZ,20240603,4.17,4.17,3.9,3.98,4.2,-0.22,-5.2381,404915.57,162727.106
300300.SZ,20240603,1.45,1.45,1.21,1.21,1.51,-0.3,-19.8675,505163.34,65747.845
300301.SZ,20240603,1.35,1.35,1.26,1.27,1.3,-0.03,-2.3077,85688.6,11073.919
300302.SZ,20240603,10.49,11.08,10.4,10.83,10.29,0.54,5.2478,388823.61,418787.676
300303.SZ,20240603,5.03,5.05,4.92,4.97,4.98,-0.01,-0.2008,264771.52,132177.064
300304.SZ,20240603,6.87,6.93,6.68,6.76,6.88,-0.12,-1.7442,139730.0,95072.967
300305.SZ,20240603,8.3,8.32,7.34,7.56,8.73,-1.17,-13.4021,350797.14,270708.501
300306.SZ,20240603,9.5,9.5,9.03,9.14,9.46,-0.32,-3.3827,41589.0,38387.711
300307.SZ,20240603,6.36,6.37,6.13,6.2,6.32,-0.12,-1.8987,167918.0,104315.284
300308.SZ,20240603,161.0,171.71,159.33,168.35,157.27,11.08,7.0452,285075.97,4731275.316
300310.SZ,20240603,4.13,4.17,4.0,4.04,4.16,-0.12,-2.8846,306763.66,124659.015
300311.SZ,20240603,3.96,3.97,3.71,3.75,3.93,-0.18,-4.5802,101352.24,38471.296
300313.SZ,20240603,7.25,7.34,6.89,6.89,7.34,-0.45,-6.1308,91592.28,64444.208
300314.SZ,20240603,11.83,11.83,11.4,11.53,11.82,-0.29,-2.4535,37755.0,43723.165
300315.SZ,20240603,4.73,4.79,4.61,4.66,4.8,-0.14,-2.9167,860395.16,402481.869
300316.SZ,20240603,32.0,32.01,31.3,31.85,32.09,-0.24,-0.7479,132500.78,418978.717
300317.SZ,20240603,4.19,4.21,3.98,4.03,4.24,-0.21,-4.9528,358535.52,145059.958
300318.SZ,20240603,5.32,5.36,5.13,5.18,5.32,-0.14,-2.6316,71141.38,37097.482
300319.SZ,20240603,8.09,8.19,7.96,8.04,8.08,-0.04,-0.495,185932.0,150467.926
300320.SZ,20240603,8.99,9.04,8.67,8.78,9.11,-0.33,-3.6224,156422.46,137936.017
300321.SZ,20240603,20.84,20.91,20.25,20.66,20.85,-0.19,-0.9113,9116.0,18741.9
300322.SZ,20240603,8.99,9.28,8.66,8.9,8.88,0.02,0.2252,349005.55,311359.23
300323.SZ,20240603,4.84,4.85,4.65,4.7,4.84,-0.14,-2.8926,198157.82,94029.748
300324.SZ,20240603,2.38,2.38,2.19,2.23,2.37,-0.14,-5.9072,535048.19,120575.608
300326.SZ,20240603,4.65,4.65,4.38,4.46,4.66,-0.2,-4.2918,119863.17,53747.735
300327.SZ,20240603,22.4,22.62,21.75,21.87,22.31,-0.44,-1.9722,133666.77,295957.455
300328.SZ,20240603,4.98,4.98,4.67,4.73,4.95,-0.22,-4.4444,137788.0,65877.284
300329.SZ,20240603,4.35,4.36,4.01,4.08,4.29,-0.21,-4.8951,58293.0,23992.303
300331.SZ,20240603,17.5,17.54,16.69,16.84,17.4,-0.56,-3.2184,55574.0,94548.608
300332.SZ,20240603,5.77,5.8,5.51,5.55,5.81,-0.26,-4.475,92049.0,51574.279
300333.SZ,20240603,4.53,4.55,4.14,4.19,4.46,-0.27,-6.0538,105407.14,45297.398
300334.SZ,20240603,5.31,5.33,4.99,5.06,5.31,-0.25,-4.7081,40628.0,20771.895
300335.SZ,20240603,4.38,4.39,4.14,4.22,4.38,-0.16,-3.653,168538.36,71305.385
300337.SZ,20240603,7.13,7.18,6.78,6.85,7.19,-0.34,-4.7288,251100.0,173913.54
300338.SZ,20240603,1.38,1.38,1.15,1.19,1.43,-0.24,-16.7832,317993.55,39538.639
300339.SZ,20240603,21.68,22.06,21.48,21.86,21.82,0.04,0.1833,209854.97,457010.715
300340.SZ,20240603,7.79,7.94,7.36,7.52,7.86,-0.34,-4.3257,49845.6,37604.718
300341.SZ,20240603,10.04,10.12,9.42,9.52,9.95,-0.43,-4.3216,127410.78,123350.519
300342.SZ,20240603,17.79,17.96,16.39,16.92,17.81,-0.89,-4.9972,1215390.74,2095477.614
300343.SZ,20240603,5.28,5.3,5.14,5.2,5.33,-0.13,-2.439,176007.5,91423.084
300344.SZ,20240603,3.75,3.79,3.46,3.57,3.98,-0.41,-10.3015,642262.11,229989.704
300345.SZ,20240603,6.78,6.79,6.56,6.63,6.73,-0.1,-1.4859,39069.06,26086.656
300346.SZ,20240603,26.6,27.25,26.5,26.81,26.61,0.2,0.7516,222618.17,598917.576
300347.SZ,20240603,52.86,54.03,52.3,53.6,53.93,-0.33,-0.6119,86101.14,457179.316
300348.SZ,20240603,7.35,7.55,7.06,7.08,7.34,-0.26,-3.5422,167252.45,120777.779
300349.SZ,20240603,13.24,13.24,12.91,13.03,13.22,-0.19,-1.4372,44433.98,58059.018
300350.SZ,20240603,4.99,5.03,4.73,4.8,4.98,-0.18,-3.6145,192900.56,93665.587
300351.SZ,20240603,16.7,16.93,16.39,16.79,16.66,0.13,0.7803,96850.87,161330.417
300352.SZ,20240603,4.18,4.19,4.05,4.09,4.19,-0.1,-2.3866,156555.08,64238.258
300353.SZ,20240603,8.17,8.47,8.11,8.37,8.03,0.34,4.2341,247583.43,206483.577
300354.SZ,20240603,39.4,40.4,38.2,38.6,40.11,-1.51,-3.7646,37987.0,148395.35
300355.SZ,20240603,2.69,2.69,2.58,2.6,2.69,-0.09,-3.3457,222813.03,58527.546
300357.SZ,20240603,23.49,23.67,23.01,23.23,23.66,-0.43,-1.8174,46752.02,109003.914
300358.SZ,20240603,7.96,8.0,7.72,7.87,7.94,-0.07,-0.8816,63073.74,49444.371
300359.SZ,20240603,4.35,4.37,4.13,4.18,4.38,-0.2,-4.5662,178463.0,75299.769
300360.SZ,20240603,14.71,14.81,14.2,14.53,14.72,-0.19,-1.2908,78949.72,114163.333
300363.SZ,20240603,14.71,14.71,14.23,14.3,14.75,-0.45,-3.0508,53348.59,76798.63
300364.SZ,20240603,21.1,21.7,20.91,21.35,21.2,0.15,0.7075,371138.54,793414.383
300365.SZ,20240603,5.5,5.53,5.26,5.3,5.54,-0.24,-4.3321,228242.9,122330.864
300366.SZ,20240603,8.02,8.09,7.74,7.79,8.12,-0.33,-4.064,219221.19,172996.893
300368.SZ,20240603,2.29,2.31,2.04,2.07,2.36,-0.29,-12.2881,383960.06,82599.572
300369.SZ,20240603,6.13,6.13,5.8,5.84,6.09,-0.25,-4.1051,127980.5,75891.662
300370.SZ,20240603,1.75,1.75,1.66,1.69,1.74,-0.05,-2.8736,140497.0,23862.633
300371.SZ,20240603,9.36,9.5,9.0,9.09,9.37,-0.28,-2.9883,17870.8,16518.99
300373.SZ,20240603,36.21,37.23,36.21,36.7,36.27,0.43,1.1856,73388.17,270231.756
300374.SZ,20240603,15.1,16.17,14.65,15.63,15.03,0.6,3.992,184096.5,284747.288
300375.SZ,20240603,4.26,4.29,4.13,4.17,4.26,-0.09,-2.1127,145798.7,61040.704
300376.SZ,20240603,4.7,4.7,4.53,4.58,4.74,-0.16,-3.3755,270793.0,124223.821
300377.SZ,20240603,5.61,5.65,5.4,5.46,5.62,-0.16,-2.847,142553.71,78245.145
300378.SZ,20240603,17.49,17.56,17.1,17.21,17.42,-0.21,-1.2055,49789.06,86344.771
300379.SZ,20240603,9.99,10.08,9.6,9.71,10.0,-0.29,-2.9,109788.32,108089.863
300380.SZ,20240603,16.12,16.16,15.41,15.6,16.2,-0.6,-3.7037,27974.0,44098.365
300381.SZ,20240603,6.95,7.03,6.8,6.9,7.03,-0.13,-1.8492,167883.5,116074.234
300382.SZ,20240603,7.09,7.09,6.82,6.89,7.06,-0.17,-2.4079,56619.99,39196.557
300383.SZ,20240603,8.61,8.69,8.48,8.56,8.65,-0.09,-1.0405,117097.0,100640.565
300384.SZ,20240603,15.59,16.08,15.31,15.48,15.59,-0.11,-0.7056,40337.03,63377.43
300385.SZ,20240603,4.09,4.11,3.79,3.86,4.09,-0.23,-5.6235,64464.12,25262.403
300386.SZ,20240603,7.25,7.36,6.79,6.83,7.16,-0.33,-4.6089,52047.81,36421.58
300387.SZ,20240603,6.63,6.64,6.41,6.51,6.62,-0.11,-1.6616,80246.0,52301.173
300388.SZ,20240603,6.01,6.03,5.87,5.9,6.02,-0.12,-1.9934,47565.2,28222.66
300389.SZ,20240603,13.88,13.93,13.3,13.47,13.7,-0.23,-1.6788,50818.0,68680.418
300390.SZ,20240603,19.41,19.57,19.06,19.38,19.32,0.06,0.3106,86208.96,166665.144
300391.SZ,20240603,3.2,3.27,3.09,3.14,3.28,-0.14,-4.2683,107230.53,33854.19
300393.SZ,20240603,7.29,7.33,7.08,7.17,7.4,-0.23,-3.1081,271254.16,194133.511
300394.SZ,20240603,88.71,94.38,88.71,91.08,88.56,2.52,2.8455,299962.17,2747560.943
300395.SZ,20240603,32.06,32.96,31.55,32.93,32.15,0.78,2.4261,102877.84,331415.951
300396.SZ,20240603,24.52,24.58,23.43,23.58,24.58,-1.0,-4.0683,34882.98,83497.692
300397.SZ,20240603,10.36,10.58,9.95,10.12,10.21,-0.09,-0.8815,295138.38,303968.134
300398.SZ,20240603,12.0,12.17,11.66,11.87,12.08,-0.21,-1.7384,200602.98,239241.463
300399.SZ,20240603,9.18,9.22,8.65,8.83,9.18,-0.35,-3.8126,36570.49,32431.621
300400.SZ,20240603,11.62,11.66,11.27,11.46,11.62,-0.16,-1.3769,78993.0,90345.609
300401.SZ,20240603,11.78,11.94,11.41,11.52,11.83,-0.31,-2.6205,210483.92,245367.091
300402.SZ,20240603,15.8,15.81,14.9,15.04,15.87,-0.83,-5.23,83677.72,127875.926
300403.SZ,20240603,7.96,8.1,7.78,7.93,7.9,0.03,0.3797,303910.8,241835.099
300404.SZ,20240603,7.7,7.73,7.43,7.53,7.68,-0.15,-1.9531,47079.34,35428.396
300405.SZ,20240603,4.72,4.74,4.35,4.41,4.96,-0.55,-11.0887,348173.59,158432.238
300406.SZ,20240603,17.45,17.49,16.66,16.78,17.23,-0.45,-2.6117,57741.56,97861.997
300407.SZ,20240603,7.8,7.84,7.51,7.63,7.81,-0.18,-2.3047,66510.25,50852.989
300408.SZ,20240603,29.25,29.75,28.97,29.42,29.09,0.33,1.1344,98800.14,290661.027
300409.SZ,20240603,9.78,9.91,9.66,9.75,9.82,-0.07,-0.7128,94437.48,92270.79
300410.SZ,20240603,6.39,6.49,5.99,6.1,6.45,-0.35,-5.4264,270311.81,166458.25
300411.SZ,20240603,13.62,14.29,13.62,13.85,13.62,0.23,1.6887,279968.62,391211.156
300412.SZ,20240603,3.36,3.36,3.15,3.19,3.31,-0.12,-3.6254,124513.4,40150.563
300413.SZ,20240603,23.2,23.58,22.92,23.4,23.12,0.28,1.2111,170454.22,397488.368
300414.SZ,20240603,7.36,7.39,6.99,7.04,7.33,-0.29,-3.9563,55078.0,39404.667
300415.SZ,20240603,22.38,22.58,21.77,22.17,22.36,-0.19,-0.8497,61896.0,137095.095
300416.SZ,20240603,13.52,13.93,13.43,13.62,13.53,0.09,0.6652,99861.01,136113.295
300417.SZ,20240603,7.48,7.59,6.98,7.04,7.42,-0.38,-5.1213,28723.0,20602.18
300418.SZ,20240603,34.8,35.23,34.61,34.98,34.89,0.09,0.258,261125.63,913053.915
300419.SZ,20240603,5.61,5.68,5.36,5.44,5.68,-0.24,-4.2254,263141.4,144886.908
300420.SZ,20240603,2.48,2.49,2.29,2.32,2.47,-0.15,-6.0729,287425.04,67537.084
300421.SZ,20240603,10.51,10.81,9.95,10.08,10.6,-0.52,-4.9057,365478.38,376180.76
300422.SZ,20240603,5.04,5.09,4.85,4.89,4.97,-0.08,-1.6097,74056.05,36782.086
300423.SZ,20240603,6.17,6.33,5.79,5.87,6.62,-0.75,-11.3293,497036.71,299945.52
300424.SZ,20240603,14.0,14.41,13.48,13.61,14.02,-0.41,-2.9244,237816.56,332744.575
300425.SZ,20240603,4.35,4.35,4.2,4.24,4.35,-0.11,-2.5287,112816.47,48118.067
300426.SZ,20240603,7.89,7.97,7.65,7.74,7.89,-0.15,-1.9011,46989.0,36633.975
300427.SZ,20240603,4.88,4.88,4.55,4.67,4.89,-0.22,-4.499,110428.91,51881.494
300428.SZ,20240603,19.78,19.99,19.52,19.71,19.7,0.01,0.0508,52202.5,102964.227
300429.SZ,20240603,11.81,12.15,11.66,11.85,11.95,-0.1,-0.8368,436428.88,519363.783
300430.SZ,20240603,16.32,16.44,15.7,15.9,16.32,-0.42,-2.5735,65392.0,104721.16
300432.SZ,20240603,7.52,7.54,7.27,7.33,7.52,-0.19,-2.5266,126149.52,93008.948
300433.SZ,20240603,15.3,15.58,15.22,15.52,15.3,0.22,1.4379,380031.0,587083.498
300434.SZ,20240603,8.53,8.53,8.16,8.22,8.53,-0.31,-3.6342,36459.2,30233.229
300435.SZ,20240603,13.05,13.08,12.72,12.8,13.08,-0.28,-2.1407,28325.0,36380.045
300436.SZ,20240603,17.33,17.33,16.51,16.66,17.29,-0.63,-3.6437,19455.4,32630.031
300437.SZ,20240603,9.2,9.23,8.83,8.96,9.18,-0.22,-2.3965,43301.54,38755.341
300438.SZ,20240603,22.43,22.46,21.8,22.12,22.53,-0.41,-1.8198,114652.7,252814.148
300439.SZ,20240603,10.07,10.07,9.74,9.81,10.07,-0.26,-2.5819,37348.0,36932.551
300440.SZ,20240603,5.7,5.71,5.36,5.42,5.64,-0.22,-3.9007,64753.0,35624.582
300441.SZ,20240603,6.42,6.48,6.26,6.32,6.46,-0.14,-2.1672,73743.78,46859.127
300442.SZ,20240603,26.18,26.99,25.97,26.69,25.67,1.02,3.9735,217449.19,577982.877
300443.SZ,20240603,18.7,18.7,17.87,18.06,18.69,-0.63,-3.3708,57681.82,104537.483
300444.SZ,20240603,6.92,6.92,6.62,6.74,7.0,-0.26,-3.7143,379888.55,256120.746
300445.SZ,20240603,17.76,18.29,17.71,17.88,17.81,0.07,0.393,56724.0,102356.567
300446.SZ,20240603,15.21,15.57,14.8,14.97,15.21,-0.24,-1.5779,117621.1,178664.88
300447.SZ,20240603,14.87,15.07,14.29,14.66,14.94,-0.28,-1.8742,177343.6,259217.544
300448.SZ,20240603,4.15,4.2,3.97,4.02,4.17,-0.15,-3.5971,83113.06,33871.574
300449.SZ,20240603,4.39,4.4,4.07,4.12,4.42,-0.3,-6.7873,78769.86,33124.244
300450.SZ,20240603,19.87,20.1,19.59,19.7,19.99,-0.29,-1.4507,168540.33,333384.83
300451.SZ,20240603,4.05,4.09,3.85,3.89,4.09,-0.2,-4.89,406426.88,159555.915
300452.SZ,20240603,12.8,12.82,12.47,12.57,12.77,-0.2,-1.5662,30569.17,38473.926
300453.SZ,20240603,7.45,7.47,7.07,7.14,7.38,-0.24,-3.252,54143.82,39153.124
300454.SZ,20240603,54.21,54.45,53.17,54.08,54.75,-0.67,-1.2237,29779.56,160045.101
300455.SZ,20240603,11.9,13.16,11.78,12.25,12.03,0.22,1.8288,725118.27,902177.308
300456.SZ,20240603,17.26,17.7,17.09,17.28,17.45,-0.17,-0.9742,176122.29,307225.351
300457.SZ,20240603,17.09,17.18,16.52,17.01,16.9,0.11,0.6509,202626.32,339755.17
300458.SZ,20240603,20.66,21.88,20.48,21.46,20.75,0.71,3.4217,541876.4,1153563.298
300459.SZ,20240603,3.79,3.8,3.67,3.71,3.83,-0.12,-3.1332,1221409.43,452601.037
300460.SZ,20240603,8.75,9.3,8.56,8.99,8.79,0.2,2.2753,243952.8,217620.324
300461.SZ,20240603,14.53,14.54,13.75,13.91,14.54,-0.63,-4.3329,30709.0,43140.961
300462.SZ,20240603,8.38,9.32,8.38,9.17,7.77,1.4,18.018,321336.76,293465.629
300463.SZ,20240603,12.85,12.9,12.55,12.64,12.91,-0.27,-2.0914,45057.95,57117.342
300464.SZ,20240603,4.27,4.53,4.07,4.19,4.33,-0.14,-3.2333,248288.49,106367.978
300465.SZ,20240603,7.11,7.14,6.76,6.82,7.13,-0.31,-4.3478,76955.4,53181.531
300466.SZ,20240603,6.78,6.82,6.35,6.47,6.7,-0.23,-3.4328,138530.2,90620.348
300467.SZ,20240603,14.61,14.72,14.08,14.29,14.75,-0.46,-3.1186,51521.0,74276.108
300468.SZ,20240603,8.49,8.56,8.18,8.29,8.57,-0.28,-3.2672,145441.52,121225.785
300469.SZ,20240603,9.9,10.15,9.54,9.66,9.92,-0.26,-2.621,170139.81,166975.876
300470.SZ,20240603,36.5,37.35,36.26,36.66,36.5,0.16,0.4384,19201.87,70682.603
300471.SZ,20240603,9.23,9.46,9.07,9.07,9.3,-0.23,-2.4731,52837.65,48624.548
300472.SZ,20240603,5.3,5.3,4.97,5.04,5.26,-0.22,-4.1825,54954.42,28094.71
300473.SZ,20240603,14.88,14.95,14.17,14.41,14.88,-0.47,-3.1586,52069.0,75369.787
300474.SZ,20240603,70.7,70.71,68.28,68.92,69.35,-0.43,-0.62,105095.6,731213.895
300475.SZ,20240603,34.93,37.28,34.62,36.27,34.55,1.72,4.9783,297379.34,1082841.3
300476.SZ,20240603,27.3,29.5,27.26,29.23,27.34,1.89,6.9129,456712.27,1314902.877
300477.SZ,20240603,2.82,2.82,2.66,2.72,2.91,-0.19,-6.5292,538342.44,146370.515
300478.SZ,20240603,8.85,8.91,8.41,8.49,8.92,-0.43,-4.8206,24558.3,21135.165
300479.SZ,20240603,14.82,14.9,14.01,14.28,14.83,-0.55,-3.7087,32429.94,46864.425
300480.SZ,20240603,17.3,17.38,16.84,17.08,17.17,-0.09,-0.5242,42669.0,73149.19
300481.SZ,20240603,16.4,17.08,16.03,16.3,16.7,-0.4,-2.3952,231757.0,379689.684
300482.SZ,20240603,27.8,27.97,27.14,27.4,27.89,-0.49,-1.7569,40535.1,111039.362
300483.SZ,20240603,8.54,8.56,8.21,8.3,8.54,-0.24,-2.8103,34024.0,28352.521
300484.SZ,20240603,16.7,17.1,16.2,16.43,16.85,-0.42,-2.4926,194260.0,323476.384
300485.SZ,20240603,7.25,7.26,6.98,7.03,7.26,-0.23,-3.168,35280.0,24968.059
300486.SZ,20240603,5.9,6.05,5.35,5.55,6.07,-0.52,-8.5667,524916.42,295775.509
300487.SZ,20240603,48.13,48.44,47.6,48.3,48.37,-0.07,-0.1447,17480.75,83858.519
300488.SZ,20240603,21.75,22.04,21.36,21.54,21.82,-0.28,-1.2832,8330.0,18058.025
300489.SZ,20240603,18.95,19.9,18.6,19.24,19.7,-0.46,-2.335,26692.5,51283.264
300490.SZ,20240603,8.37,8.38,7.98,8.1,8.41,-0.31,-3.6861,144592.31,117320.617
300491.SZ,20240603,16.58,16.64,15.9,16.07,16.78,-0.71,-4.2312,45717.56,74094.922
300492.SZ,20240603,107.84,114.0,106.52,110.98,107.85,3.13,2.9022,11940.8,132513.858
300493.SZ,20240603,8.15,8.62,8.11,8.31,8.14,0.17,2.0885,205706.77,172212.706
300494.SZ,20240603,11.35,11.37,11.05,11.12,11.38,-0.26,-2.2847,131543.8,147101.118
300496.SZ,20240603,56.4,59.65,55.06,58.3,56.49,1.81,3.2041,474288.83,2713790.733
300497.SZ,20240603,10.14,10.14,9.9,10.0,10.14,-0.14,-1.3807,75679.0,75510.285
300498.SZ,20240603,21.74,21.97,21.45,21.75,21.41,0.34,1.588,386324.26,838051.277
300499.SZ,20240603,12.0,12.14,11.68,11.84,12.03,-0.19,-1.5794,100669.98,119623.541
300500.SZ,20240603,10.76,10.85,10.08,10.23,10.93,-0.7,-6.4044,138367.43,143312.378
300501.SZ,20240603,11.84,11.84,11.37,11.47,11.87,-0.4,-3.3698,24185.0,28032.079
300502.SZ,20240603,88.0,96.99,87.9,95.35,86.73,8.62,9.9389,448029.32,4173759.577
300503.SZ,20240603,13.98,14.44,13.66,13.82,14.19,-0.37,-2.6075,147664.0,206590.065
300504.SZ,20240603,12.94,13.1,12.62,12.75,13.04,-0.29,-2.2239,27051.0,34756.17
300505.SZ,20240603,13.93,14.09,13.59,13.8,14.12,-0.32,-2.2663,145709.91,200596.901
300506.SZ,20240603,2.06,2.09,1.73,1.77,2.09,-0.32,-15.311,329356.2,61157.911
300507.SZ,20240603,5.2,5.24,5.04,5.09,5.21,-0.12,-2.3033,111647.75,57154.214
300508.SZ,20240603,20.85,20.85,19.8,19.95,20.55,-0.6,-2.9197,13480.1,27220.706
300509.SZ,20240603,5.27,5.27,4.96,5.03,5.21,-0.18,-3.4549,48778.79,24845.161
300510.SZ,20240603,4.08,4.11,3.89,3.93,4.1,-0.17,-4.1463,172096.0,68124.907
300511.SZ,20240603,3.6,3.6,3.43,3.5,3.61,-0.11,-3.0471,124077.05,43459.456
300512.SZ,20240603,6.59,6.59,6.18,6.24,6.51,-0.27,-4.1475,30837.5,19519.591
300513.SZ,20240603,9.6,9.83,8.92,9.07,9.55,-0.48,-5.0262,220045.43,202793.327
300514.SZ,20240603,15.6,15.79,15.01,15.31,15.74,-0.43,-2.7319,100298.0,153322.28
300515.SZ,20240603,10.6,10.83,10.4,10.69,10.62,0.07,0.6591,49966.0,52929.99
300516.SZ,20240603,28.68,29.13,27.9,28.35,28.64,-0.29,-1.0126,22120.26,62797.27
300517.SZ,20240603,9.39,9.39,8.96,9.2,9.36,-0.16,-1.7094,46041.0,42080.353
300518.SZ,20240603,9.27,9.29,8.81,9.06,9.27,-0.21,-2.2654,76157.56,68291.49
300519.SZ,20240603,12.31,12.4,11.82,11.94,12.32,-0.38,-3.0844,18501.59,22294.234
300520.SZ,20240603,18.33,18.35,17.61,17.77,18.15,-0.38,-2.0937,78200.4,140036.781
300521.SZ,20240603,10.53,11.9,9.75,10.2,10.32,-0.12,-1.1628,74530.8,77532.089
300522.SZ,20240603,12.13,12.13,11.6,11.73,12.01,-0.28,-2.3314,37184.4,43778.391
300523.SZ,20240603,17.68,17.77,17.08,17.21,17.79,-0.58,-3.2603,14372.0,24877.402
300525.SZ,20240603,12.79,12.79,12.49,12.58,12.76,-0.18,-1.4107,37749.37,47570.209
300527.SZ,20240603,6.78,6.9,6.66,6.69,6.79,-0.1,-1.4728,165075.98,112168.157
300528.SZ,20240603,7.27,7.33,6.81,6.9,7.24,-0.34,-4.6961,74038.6,52045.256
300529.SZ,20240603,27.58,28.06,27.38,27.67,27.58,0.09,0.3263,57300.36,158673.477
300530.SZ,20240603,18.0,18.7,17.36,17.85,20.16,-2.31,-11.4583,56451.72,101786.537
300531.SZ,20240603,10.24,10.26,9.82,9.92,10.16,-0.24,-2.3622,45321.44,45483.447
300532.SZ,20240603,13.4,13.54,13.11,13.22,13.41,-0.19,-1.4169,47831.0,63777.62
300533.SZ,20240603,16.5,16.55,15.84,15.99,16.52,-0.53,-3.2082,57251.0,92073.181
300534.SZ,20240603,7.79,7.79,7.47,7.53,7.77,-0.24,-3.0888,43912.0,33366.355
300535.SZ,20240603,13.29,13.29,12.48,12.65,13.27,-0.62,-4.6722,28351.34,36210.476
300536.SZ,20240603,9.2,9.39,8.53,8.64,9.24,-0.6,-6.4935,72421.68,64134.148
300537.SZ,20240603,17.4,17.97,17.2,17.52,17.97,-0.45,-2.5042,226914.98,398695.686
300538.SZ,20240603,15.71,16.04,14.92,15.09,16.21,-1.12,-6.9093,211381.11,325872.268
300539.SZ,20240603,9.4,9.99,9.32,9.72,9.88,-0.16,-1.6194,204870.19,195146.599
300540.SZ,20240603,23.82,24.45,23.25,23.43,23.9,-0.47,-1.9665,27302.0,64945.934
300541.SZ,20240603,9.07,9.14,8.79,8.89,9.08,-0.19,-2.0925,72151.46,64576.525
300542.SZ,20240603,14.69,15.2,13.93,14.03,14.92,-0.89,-5.9651,333344.48,484822.06
300543.SZ,20240603,8.37,8.96,8.11,8.27,8.18,0.09,1.1002,246206.07,207667.934
300545.SZ,20240603,24.86,25.94,24.21,25.25,24.57,0.68,2.7676,91465.48,230238.65
300546.SZ,20240603,10.36,10.47,9.96,10.04,10.42,-0.38,-3.6468,38796.5,39413.305
300547.SZ,20240603,17.58,17.78,17.32,17.5,17.5,0.0,0.0,31211.0,54787.262
300548.SZ,20240603,21.49,22.09,21.4,21.74,21.49,0.25,1.1633,183947.25,399355.96
300549.SZ,20240603,15.08,15.78,14.94,15.1,15.11,-0.01,-0.0662,47859.33,73593.149
300550.SZ,20240603,10.95,10.98,10.63,10.73,10.82,-0.09,-0.8318,19875.22,21500.349
300551.SZ,20240603,6.96,7.08,6.62,6.71,7.04,-0.33,-4.6875,245939.8,167852.585
300552.SZ,20240603,32.56,35.33,31.99,33.81,30.65,3.16,10.31,337427.99,1131297.258
300553.SZ,20240603,26.83,26.88,25.25,25.79,26.7,-0.91,-3.4082,13758.7,35980.768
300554.SZ,20240603,26.52,27.72,26.22,27.13,26.78,0.35,1.3069,142300.28,383919.316
300555.SZ,20240603,6.15,6.56,6.05,6.11,6.11,0.0,0.0,10052.0,6311.49
300556.SZ,20240603,18.19,18.42,17.69,17.84,18.25,-0.41,-2.2466,44015.46,79194.518
300557.SZ,20240603,22.53,22.94,21.8,22.0,22.67,-0.67,-2.9554,10319.5,23022.956
300558.SZ,20240603,37.5,38.12,37.2,37.52,37.82,-0.3,-0.7932,43860.47,164878.154
300559.SZ,20240603,10.7,10.75,10.4,10.56,10.66,-0.1,-0.9381,61969.75,65628.922
300560.SZ,20240603,12.12,12.28,11.85,11.92,12.19,-0.27,-2.2149,40489.0,48725.55
300561.SZ,20240603,8.24,8.26,7.85,7.92,8.25,-0.33,-4.0,39047.91,31293.971
300562.SZ,20240603,9.32,9.45,8.81,8.93,9.35,-0.42,-4.492,70224.05,63374.208
300563.SZ,20240603,25.5,30.3,25.5,30.3,25.25,5.05,20.0,543292.62,1553860.571
300564.SZ,20240603,9.53,9.65,9.13,9.29,9.62,-0.33,-3.4304,20121.0,18806.918
300565.SZ,20240603,10.98,11.0,10.66,10.75,10.97,-0.22,-2.0055,35063.63,37862.177
300566.SZ,20240603,14.84,14.97,14.52,14.76,14.86,-0.1,-0.6729,57222.75,84569.837
300567.SZ,20240603,61.8,62.78,60.4,61.3,61.44,-0.14,-0.2279,34520.33,212554.828
300568.SZ,20240603,9.6,9.63,9.43,9.54,9.59,-0.05,-0.5214,181068.36,172061.567
300569.SZ,20240603,5.04,5.05,4.87,4.92,5.06,-0.14,-2.7668,151255.98,74766.502
300570.SZ,20240603,34.1,35.19,34.09,34.86,34.01,0.85,2.4993,125027.51,434060.826
300571.SZ,20240603,23.38,23.56,22.71,22.92,23.38,-0.46,-1.9675,20287.0,46847.726
300572.SZ,20240603,13.8,14.15,13.45,13.73,13.58,0.15,1.1046,79071.22,109517.284
300573.SZ,20240603,209.8,213.9,180.0,185.0,205.98,-20.98,-10.1855,101251.87,1958253.008
300575.SZ,20240603,5.98,6.0,5.72,5.84,6.0,-0.16,-2.6667,65641.63,38170.89
300576.SZ,20240603,38.0,39.12,37.3,38.27,38.56,-0.29,-0.7521,348365.71,1329054.83
300577.SZ,20240603,21.99,22.16,21.21,21.47,21.93,-0.46,-2.0976,18813.13,40741.056
300578.SZ,20240603,13.31,13.38,12.9,13.01,13.26,-0.25,-1.8854,34095.0,44728.78
300579.SZ,20240603,19.25,20.07,18.71,18.8,19.04,-0.24,-1.2605,44645.75,86857.122
300580.SZ,20240603,26.0,27.3,26.0,26.74,25.66,1.08,4.2089,126077.31,337303.223
300581.SZ,20240603,8.81,9.01,8.51,8.61,8.93,-0.32,-3.5834,204373.8,178525.027
300582.SZ,20240603,9.55,9.63,9.1,9.18,9.66,-0.48,-4.9689,123068.71,114096.574
300583.SZ,20240603,13.36,13.37,12.89,13.0,13.24,-0.24,-1.8127,24593.0,32135.615
300584.SZ,20240603,16.6,16.76,16.21,16.38,16.78,-0.4,-2.3838,14414.0,23680.422
300585.SZ,20240603,11.28,11.29,10.73,10.82,11.21,-0.39,-3.479,51632.0,56611.344
300586.SZ,20240603,7.65,7.65,7.22,7.32,7.65,-0.33,-4.3137,121513.02,89457.972
300587.SZ,20240603,4.63,4.63,4.44,4.51,4.6,-0.09,-1.9565,147191.11,66567.27
300588.SZ,20240603,8.15,8.25,7.71,7.76,8.14,-0.38,-4.6683,45830.0,36331.46
300589.SZ,20240603,12.45,12.64,11.99,12.09,12.4,-0.31,-2.5,94271.5,115889.533
300590.SZ,20240603,11.15,11.25,10.87,11.01,11.12,-0.11,-0.9892,87036.76,96463.807
300591.SZ,20240603,3.64,3.66,3.46,3.52,3.65,-0.13,-3.5616,80447.0,28334.304
300592.SZ,20240603,13.4,13.4,12.99,13.22,13.3,-0.08,-0.6015,66862.46,87825.271
300593.SZ,20240603,10.52,10.59,10.15,10.29,10.53,-0.24,-2.2792,170065.44,175326.069
300594.SZ,20240603,16.72,16.92,15.92,16.1,16.78,-0.68,-4.0524,26424.0,43174.446
300595.SZ,20240603,17.8,18.14,17.69,17.86,17.95,-0.09,-0.5014,63304.2,113097.56
300596.SZ,20240603,31.11,31.22,29.98,30.54,31.0,-0.46,-1.4839,47793.39,145615.669
300597.SZ,20240603,7.2,7.35,6.99,7.08,7.11,-0.03,-0.4219,70540.78,50818.494
300598.SZ,20240603,29.5,30.0,28.91,29.18,29.54,-0.36,-1.2187,52646.5,154909.246
300599.SZ,20240603,5.98,5.98,5.5,5.6,5.93,-0.33,-5.5649,50909.0,28788.379
300600.SZ,20240603,5.88,6.01,5.4,5.64,5.87,-0.23,-3.9182,112935.36,64239.448
300601.SZ,20240603,18.2,18.25,17.68,17.8,18.25,-0.45,-2.4658,93452.48,167572.704
300602.SZ,20240603,17.03,17.49,16.3,16.73,16.72,0.01,0.0598,522371.32,881904.236
300603.SZ,20240603,7.72,7.74,7.48,7.57,7.7,-0.13,-1.6883,62661.0,47556.867
300604.SZ,20240603,28.48,29.48,28.22,28.56,28.4,0.16,0.5634,146223.86,421461.801
300605.SZ,20240603,9.96,9.96,9.35,9.41,9.83,-0.42,-4.2726,24972.2,23996.809
300606.SZ,20240603,17.1,17.77,16.74,16.96,17.11,-0.15,-0.8767,57198.0,98700.97
300607.SZ,20240603,12.87,13.05,12.41,12.5,12.79,-0.29,-2.2674,78171.2,99358.825
300608.SZ,20240603,10.2,10.57,10.0,10.07,10.24,-0.17,-1.6602,87289.74,89843.659
300609.SZ,20240603,17.62,17.75,16.91,17.1,17.6,-0.5,-2.8409,19613.0,33753.042
300610.SZ,20240603,9.65,9.67,9.34,9.42,9.77,-0.35,-3.5824,66353.7,62816.607
300611.SZ,20240603,8.69,8.69,8.18,8.28,8.61,-0.33,-3.8328,54349.0,45601.441
300612.SZ,20240603,13.7,13.88,13.25,13.47,13.72,-0.25,-1.8222,26414.77,35634.421
300613.SZ,20240603,34.45,34.86,33.63,34.0,34.46,-0.46,-1.3349,69772.59,238943.147
300614.SZ,20240603,10.85,10.91,10.3,10.53,10.9,-0.37,-3.3945,40161.13,42405.971
300615.SZ,20240603,10.38,10.4,9.92,9.99,10.43,-0.44,-4.2186,30980.0,31426.813
300616.SZ,20240603,12.16,12.16,11.72,12.01,12.12,-0.11,-0.9076,50944.6,60800.434
300617.SZ,20240603,28.1,28.14,26.8,27.15,28.16,-1.01,-3.5866,31716.0,86278.538
300618.SZ,20240603,29.69,29.69,28.4,28.73,29.79,-1.06,-3.5582,77898.71,224545.231
300619.SZ,20240603,37.86,38.03,36.78,37.02,37.84,-0.82,-2.167,5130.0,19048.724
300620.SZ,20240603,39.32,40.3,39.08,39.52,39.12,0.4,1.0225,67733.95,268437.984
300621.SZ,20240603,8.07,8.12,7.78,7.93,8.06,-0.13,-1.6129,45480.04,36089.318
300622.SZ,20240603,14.99,15.0,14.43,14.59,15.0,-0.41,-2.7333,11835.0,17354.844
300623.SZ,20240603,17.86,18.28,17.61,17.86,17.81,0.05,0.2807,224214.51,402278.645
300624.SZ,20240603,80.25,82.28,79.8,81.67,80.15,1.52,1.8964,52017.0,423356.083
300625.SZ,20240603,11.75,11.79,11.31,11.41,11.66,-0.25,-2.1441,26342.0,30390.518
300626.SZ,20240603,7.99,8.0,7.4,7.42,7.86,-0.44,-5.598,80431.67,61155.883
300627.SZ,20240603,29.43,29.71,29.06,29.58,29.41,0.17,0.578,53939.12,158860.205
300628.SZ,20240603,36.78,36.96,36.08,36.76,37.09,-0.33,-0.8897,66447.54,242752.523
300629.SZ,20240603,19.36,19.59,18.95,19.19,19.36,-0.17,-0.8781,73365.31,141231.729
300631.SZ,20240603,21.19,21.19,20.47,20.75,21.2,-0.45,-2.1226,12234.0,25354.71
300632.SZ,20240603,10.63,10.68,10.18,10.48,10.75,-0.27,-2.5116,78546.5,82203.408
300633.SZ,20240603,39.5,40.49,38.7,39.98,39.19,0.79,2.0158,34297.5,136948.105
300634.SZ,20240603,17.91,17.96,17.52,17.72,17.91,-0.19,-1.0609,82905.31,146932.941
300635.SZ,20240603,8.28,8.4,7.95,8.05,8.33,-0.28,-3.3613,48863.0,39775.281
300636.SZ,20240603,10.06,10.32,9.95,9.99,10.04,-0.05,-0.498,38369.3,38760.773
300637.SZ,20240603,13.01,15.65,12.37,15.27,13.14,2.13,16.21,862668.15,1214635.177
300638.SZ,20240603,16.66,16.96,16.36,16.72,16.56,0.16,0.9662,199371.35,332610.194
300639.SZ,20240603,5.66,5.67,5.41,5.45,5.68,-0.23,-4.0493,89324.23,49241.678
300640.SZ,20240603,4.6,4.6,4.34,4.42,4.62,-0.2,-4.329,48960.0,21809.632
300641.SZ,20240603,24.39,24.88,22.75,22.77,24.79,-2.02,-8.1484,633767.51,1498464.638
300642.SZ,20240603,13.26,13.26,12.71,12.82,13.27,-0.45,-3.3911,16733.8,21647.361
300643.SZ,20240603,11.18,11.22,10.74,10.81,11.17,-0.36,-3.2229,30426.28,33352.304
300644.SZ,20240603,22.72,23.21,22.23,22.67,22.53,0.14,0.6214,137487.34,312288.364
300645.SZ,20240603,12.32,12.32,11.65,11.73,12.29,-0.56,-4.5566,39293.01,46830.759
300647.SZ,20240603,5.9,6.69,5.64,6.38,5.62,0.76,13.5231,1440716.39,865093.462
300648.SZ,20240603,18.98,19.45,18.4,18.7,19.28,-0.58,-3.0083,46712.48,87697.724
300649.SZ,20240603,11.6,11.78,11.2,11.4,11.53,-0.13,-1.1275,32503.0,37209.186
300650.SZ,20240603,9.99,12.07,9.9,12.07,10.06,2.01,19.9801,508985.08,590531.129
300651.SZ,20240603,14.43,14.43,13.53,13.75,14.37,-0.62,-4.3145,23682.0,32933.645
300652.SZ,20240603,22.86,23.25,22.38,22.6,22.9,-0.3,-1.31,12377.0,28223.915
300653.SZ,20240603,23.49,23.49,22.86,22.98,23.46,-0.48,-2.046,15654.5,36203.02
300654.SZ,20240603,9.31,9.55,9.2,9.36,9.36,0.0,0.0,97620.78,91459.261
300655.SZ,20240603,7.8,7.88,7.61,7.76,7.81,-0.05,-0.6402,350996.53,272106.23
300656.SZ,20240603,19.31,19.45,18.63,18.75,19.28,-0.53,-2.749,15846.35,30093.178
300657.SZ,20240603,15.99,16.15,15.75,15.95,16.07,-0.12,-0.7467,75168.0,119804.625
300658.SZ,20240603,5.01,5.01,4.61,4.7,5.0,-0.3,-6.0,72391.6,34313.738
300659.SZ,20240603,14.22,14.54,13.8,13.95,14.3,-0.35,-2.4476,45482.0,64388.787
300660.SZ,20240603,27.98,28.3,27.2,27.57,27.67,-0.1,-0.3614,75762.42,210335.076
300661.SZ,20240603,77.25,79.95,77.25,78.95,77.57,1.38,1.779,28859.19,227837.512
300662.SZ,20240603,22.12,22.15,21.32,21.6,21.89,-0.29,-1.3248,16710.8,36063.933
300663.SZ,20240603,10.4,10.6,10.24,10.39,10.66,-0.27,-2.5328,224397.04,233903.046
300664.SZ,20240603,4.95,4.98,4.74,4.78,4.92,-0.14,-2.8455,79359.5,38397.923
300665.SZ,20240603,6.02,6.09,5.58,5.68,6.03,-0.35,-5.8043,82449.57,47512.442
300666.SZ,20240603,46.18,47.95,46.18,47.24,46.6,0.64,1.3734,66206.85,312662.775
300667.SZ,20240603,12.87,12.98,12.36,12.49,12.85,-0.36,-2.8016,33472.5,42469.338
300668.SZ,20240603,17.06,17.12,16.4,16.47,17.01,-0.54,-3.1746,11599.0,19319.947
300669.SZ,20240603,14.4,14.46,14.11,14.23,14.38,-0.15,-1.0431,9047.5,12873.005
300670.SZ,20240603,6.41,6.54,6.21,6.24,6.69,-0.45,-6.7265,275564.5,174715.683
300671.SZ,20240603,26.6,27.3,25.95,26.56,26.47,0.09,0.34,125823.25,335104.104
300672.SZ,20240603,60.74,63.0,59.64,61.55,62.45,-0.9,-1.4412,207259.51,1266783.863
300673.SZ,20240603,14.14,14.22,13.83,14.02,14.0,0.02,0.1429,30275.6,42386.611
300674.SZ,20240603,11.82,11.85,11.49,11.61,11.8,-0.19,-1.6102,66326.45,77413.012
300675.SZ,20240603,11.95,12.09,11.45,11.64,11.91,-0.27,-2.267,44741.0,52540.191
300676.SZ,20240603,39.26,39.37,38.26,38.49,39.26,-0.77,-1.9613,23643.1,91268.777
300677.SZ,20240603,25.56,25.67,25.15,25.37,25.06,0.31,1.237,119943.55,304632.6
300678.SZ,20240603,26.48,26.61,25.73,26.0,26.4,-0.4,-1.5152,53894.2,141331.995
300679.SZ,20240603,40.06,41.5,39.93,40.8,40.1,0.7,1.7456,60443.12,246863.337
300680.SZ,20240603,21.8,22.22,20.7,21.17,22.43,-1.26,-5.6175,342426.63,733914.497
300681.SZ,20240603,14.68,14.68,14.12,14.28,14.68,-0.4,-2.7248,45526.78,65625.27
300682.SZ,20240603,10.62,10.65,10.05,10.14,10.76,-0.62,-5.7621,433723.5,445489.318
300683.SZ,20240603,24.12,24.12,23.05,23.18,24.08,-0.9,-3.7375,14147.13,33247.362
300684.SZ,20240603,19.44,19.76,18.35,18.71,19.56,-0.85,-4.3456,370195.7,701977.618
300685.SZ,20240603,18.4,18.52,18.02,18.24,18.4,-0.16,-0.8696,53465.43,97582.024
300686.SZ,20240603,7.64,7.75,7.18,7.28,7.65,-0.37,-4.8366,88232.0,65269.736
300687.SZ,20240603,15.66,15.81,15.33,15.56,15.86,-0.3,-1.8916,57942.07,90253.866
300688.SZ,20240603,26.0,26.17,25.36,25.6,26.11,-0.51,-1.9533,33904.2,87036.988
300689.SZ,20240603,14.2,14.38,13.45,13.63,14.21,-0.58,-4.0816,18613.0,25811.382
300690.SZ,20240603,21.17,21.56,20.74,21.23,21.13,0.1,0.4733,72742.0,154155.008
300691.SZ,20240603,15.88,16.24,15.65,16.15,15.9,0.25,1.5723,77087.64,123649.031
300692.SZ,20240603,5.1,5.1,4.84,4.9,5.07,-0.17,-3.3531,52049.25,25612.418
300693.SZ,20240603,26.26,26.26,25.4,25.64,26.18,-0.54,-2.0626,74372.54,190772.417
300694.SZ,20240603,10.21,10.29,9.37,9.43,10.2,-0.77,-7.549,77568.0,75503.257
300695.SZ,20240603,39.51,39.77,38.7,38.93,39.55,-0.62,-1.5676,2962.0,11593.873
300696.SZ,20240603,16.06,16.22,15.52,15.75,15.72,0.03,0.1908,194518.91,308453.268
300697.SZ,20240603,11.91,12.25,11.82,12.08,12.11,-0.03,-0.2477,137714.2,164944.9
300698.SZ,20240603,36.34,37.0,35.27,35.86,36.18,-0.32,-0.8845,30006.0,108785.299
300699.SZ,20240603,26.0,26.38,25.81,25.92,26.05,-0.13,-0.499,84627.58,220704.256
300700.SZ,20240603,8.38,8.78,8.27,8.64,8.5,0.14,1.6471,120939.95,102761.503
300701.SZ,20240603,8.6,8.66,8.31,8.42,8.6,-0.18,-2.093,44201.25,37443.165
300702.SZ,20240603,19.4,19.43,18.91,19.2,19.35,-0.15,-0.7752,18492.56,35431.476
300703.SZ,20240603,8.93,8.95,8.41,8.51,8.93,-0.42,-4.7032,49034.5,42300.601
300705.SZ,20240603,26.26,27.14,26.0,26.54,26.0,0.54,2.0769,55897.16,149135.922
300706.SZ,20240603,19.91,20.46,19.64,19.93,19.99,-0.06,-0.3002,44430.0,88752.011
300707.SZ,20240603,14.24,14.46,13.7,13.86,14.31,-0.45,-3.1447,42699.0,59899.02
300708.SZ,20240603,9.48,9.56,9.26,9.33,9.47,-0.14,-1.4784,187249.8,176552.546
300709.SZ,20240603,28.18,28.54,27.4,27.75,28.22,-0.47,-1.6655,92451.22,259044.977
300710.SZ,20240603,18.17,18.7,16.51,16.83,18.52,-1.69,-9.1253,88904.05,156293.093
300711.SZ,20240603,17.49,17.78,16.92,17.26,17.23,0.03,0.1741,114640.2,199852.364
300712.SZ,20240603,25.53,25.85,25.07,25.23,25.78,-0.55,-2.1334,14900.0,37603.65
300713.SZ,20240603,11.86,12.0,11.37,11.5,12.09,-0.59,-4.8801,40124.0,46469.378
300715.SZ,20240603,8.56,8.65,8.22,8.32,8.54,-0.22,-2.5761,13109.0,10954.005
300716.SZ,20240603,6.73,6.78,6.44,6.5,6.73,-0.23,-3.4175,44911.0,29455.123
300717.SZ,20240603,15.78,15.86,15.19,15.4,15.78,-0.38,-2.4081,17212.6,26733.847
300718.SZ,20240603,14.86,15.19,14.41,14.62,14.86,-0.24,-1.6151,42298.5,62341.142
300719.SZ,20240603,19.83,20.99,19.73,19.92,19.57,0.35,1.7885,296593.1,603146.573
300720.SZ,20240603,19.45,19.45,16.72,17.24,19.2,-1.96,-10.2083,98854.3,179862.78
300721.SZ,20240603,13.0,13.59,12.75,12.9,13.21,-0.31,-2.3467,93439.46,122054.525
300722.SZ,20240603,25.2,25.7,24.22,24.58,25.75,-1.17,-4.5437,118641.81,295186.72
300723.SZ,20240603,22.37,22.37,21.67,21.85,22.39,-0.54,-2.4118,28330.46,62249.876
300724.SZ,20240603,64.59,65.19,63.41,64.92,64.59,0.33,0.5109,50480.01,325458.021
300725.SZ,20240603,31.21,31.21,30.4,30.59,31.33,-0.74,-2.362,35505.0,108963.507
300726.SZ,20240603,24.4,24.58,23.42,23.71,24.46,-0.75,-3.0662,49400.0,118118.693
300727.SZ,20240603,24.6,24.67,23.35,23.77,25.01,-1.24,-4.958,80833.26,192930.058
300729.SZ,20240603,16.19,16.28,15.8,15.95,16.18,-0.23,-1.4215,38732.86,61781.08
300730.SZ,20240603,9.08,9.09,8.73,8.8,9.07,-0.27,-2.9768,40778.6,36301.181
300731.SZ,20240603,15.46,15.61,14.78,15.0,15.43,-0.43,-2.7868,75788.55,114837.983
300732.SZ,20240603,7.62,7.76,7.28,7.44,7.6,-0.16,-2.1053,194419.15,147308.572
300733.SZ,20240603,11.18,11.98,10.95,11.96,11.03,0.93,8.4316,198042.56,227101.735
300735.SZ,20240603,21.0,21.5,20.85,21.18,20.99,0.19,0.9052,301907.62,639529.16
300736.SZ,20240603,16.18,16.3,15.63,16.16,16.17,-0.01,-0.0618,42577.2,68420.31
300737.SZ,20240603,5.15,5.21,5.06,5.11,5.21,-0.1,-1.9194,181643.94,93101.596
300738.SZ,20240603,10.9,11.36,10.9,11.19,11.01,0.18,1.6349,463520.24,517560.194
300739.SZ,20240603,11.81,12.11,11.58,12.03,11.77,0.26,2.209,71288.0,84944.495
300740.SZ,20240603,17.2,17.26,16.74,17.0,17.28,-0.28,-1.6204,34122.85,57901.431
300741.SZ,20240603,18.32,18.35,17.58,17.79,18.31,-0.52,-2.84,17739.83,31761.587
300743.SZ,20240603,13.1,14.38,13.01,13.86,13.08,0.78,5.9633,114041.2,156918.898
300745.SZ,20240603,19.0,19.4,17.38,17.9,19.26,-1.36,-7.0613,276022.68,500875.714
300746.SZ,20240603,6.84,6.85,6.5,6.59,6.74,-0.15,-2.2255,39789.0,26439.01
300747.SZ,20240603,19.32,19.34,18.75,18.91,19.29,-0.38,-1.9699,60175.4,114335.422
300748.SZ,20240603,14.5,14.5,14.12,14.24,14.42,-0.18,-1.2483,78245.66,111605.361
300749.SZ,20240603,5.98,5.98,5.71,5.81,5.96,-0.15,-2.5168,61945.53,35989.023
300750.SZ,20240603,197.76,203.6,195.8,202.5,197.76,4.74,2.3968,187180.68,3757638.84
300751.SZ,20240603,129.4,131.94,129.3,130.86,131.36,-0.5,-0.3806,18535.18,242016.841
300752.SZ,20240603,14.0,14.32,13.73,13.92,13.97,-0.05,-0.3579,102320.47,143153.287
300753.SZ,20240603,12.06,12.06,11.35,11.5,11.89,-0.39,-3.2801,26948.03,31351.378
300755.SZ,20240603,16.89,16.91,16.48,16.57,16.84,-0.27,-1.6033,22960.68,38300.772
300756.SZ,20240603,14.51,14.69,14.13,14.39,14.57,-0.18,-1.2354,38127.0,54849.913
300757.SZ,20240603,118.5,123.0,118.2,118.86,119.04,-0.18,-0.1512,48512.96,583283.905
300758.SZ,20240603,11.93,12.09,11.73,11.89,12.03,-0.14,-1.1638,187569.11,223128.942
300759.SZ,20240603,20.38,20.53,19.02,19.25,20.64,-1.39,-6.7345,418163.81,813604.346
300760.SZ,20240603,293.85,299.8,293.04,296.6,290.14,6.46,2.2265,35447.2,1050354.016
300761.SZ,20240603,24.99,25.83,24.75,25.31,24.65,0.66,2.6775,60836.01,153862.087
300762.SZ,20240603,17.98,18.39,17.44,18.04,18.44,-0.4,-2.1692,662074.89,1183858.581
300763.SZ,20240603,57.14,57.16,56.1,56.65,57.4,-0.75,-1.3066,36703.34,207576.283
300765.SZ,20240603,31.0,31.3,29.9,30.5,31.32,-0.82,-2.6181,124133.72,379909.799
300766.SZ,20240603,11.15,11.2,10.88,11.01,11.18,-0.17,-1.5206,94289.0,103924.619
300767.SZ,20240603,10.64,10.68,10.1,10.26,10.68,-0.42,-3.9326,66705.09,68798.692
300768.SZ,20240603,12.71,12.87,12.5,12.57,12.68,-0.11,-0.8675,39576.53,50270.116
300769.SZ,20240603,33.77,34.0,33.03,34.0,34.03,-0.03,-0.0882,55279.72,184739.7
300770.SZ,20240603,37.89,38.28,37.65,38.02,38.0,0.02,0.0526,18831.0,71462.702
300771.SZ,20240603,9.5,9.66,9.12,9.19,9.26,-0.07,-0.7559,83395.0,78178.064
300772.SZ,20240603,10.6,10.68,10.41,10.51,10.6,-0.09,-0.8491,76425.96,80462.965
300773.SZ,20240603,13.88,13.88,13.15,13.38,14.16,-0.78,-5.5085,214235.44,287220.686
300774.SZ,20240603,7.75,7.75,7.35,7.45,7.74,-0.29,-3.7468,24140.94,18122.405
300775.SZ,20240603,31.41,31.85,30.6,30.9,31.88,-0.98,-3.074,210122.92,653280.649
300776.SZ,20240603,50.29,51.18,49.95,51.11,50.8,0.31,0.6102,57341.06,290104.371
300777.SZ,20240603,25.08,25.54,24.8,25.19,25.33,-0.14,-0.5527,40595.7,102179.254
300778.SZ,20240603,10.37,10.62,10.07,10.19,10.42,-0.23,-2.2073,60787.25,62883.632
300779.SZ,20240603,51.27,52.2,49.5,50.38,51.34,-0.96,-1.8699,50845.4,256922.773
300780.SZ,20240603,15.08,15.64,14.33,14.5,14.92,-0.42,-2.815,113970.36,172134.284
300781.SZ,20240603,44.95,46.9,44.7,45.73,45.14,0.59,1.307,70192.05,321501.364
300782.SZ,20240603,86.76,89.38,86.76,88.19,86.81,1.38,1.5897,86012.91,759170.14
300783.SZ,20240603,24.56,24.93,24.2,24.67,24.31,0.36,1.4809,61184.46,150447.781
300785.SZ,20240603,18.99,18.99,18.37,18.58,18.73,-0.15,-0.8009,35556.99,66270.518
300786.SZ,20240603,13.18,13.84,13.16,13.42,13.1,0.32,2.4427,149879.34,202593.05
300787.SZ,20240603,11.43,11.5,10.76,10.94,11.19,-0.25,-2.2341,48595.79,53929.505
300788.SZ,20240603,26.64,27.23,26.33,27.07,26.57,0.5,1.8818,31451.01,84586.249
300789.SZ,20240603,18.55,18.61,17.88,18.33,18.55,-0.22,-1.186,22741.88,41570.5
300790.SZ,20240603,13.9,14.11,13.73,13.99,13.9,0.09,0.6475,67286.5,93708.483
300791.SZ,20240603,38.77,40.13,38.63,39.69,39.0,0.69,1.7692,8210.0,32501.462
300792.SZ,20240603,17.82,17.84,16.96,17.1,17.9,-0.8,-4.4693,62402.39,107761.428
300793.SZ,20240603,13.38,13.55,13.03,13.13,13.46,-0.33,-2.4517,100005.5,132407.768
300795.SZ,20240603,20.21,20.34,19.73,20.18,20.2,-0.02,-0.099,13619.78,27276.263
300796.SZ,20240603,14.65,14.77,14.4,14.65,14.67,-0.02,-0.1363,29995.96,43784.149
300797.SZ,20240603,10.62,10.75,10.19,10.3,10.71,-0.41,-3.8282,36333.5,37890.165
300798.SZ,20240603,7.16,7.17,6.9,6.96,7.19,-0.23,-3.1989,70255.0,49064.764
300800.SZ,20240603,10.46,10.6,10.2,10.26,10.46,-0.2,-1.912,28874.93,30000.142
300801.SZ,20240603,15.96,15.98,15.44,15.69,16.16,-0.47,-2.9084,51787.8,81313.668
300802.SZ,20240603,16.7,16.88,16.12,16.36,16.48,-0.12,-0.7282,25142.78,41536.775
300803.SZ,20240603,42.0,43.16,42.0,42.6,42.62,-0.02,-0.0469,49762.82,212006.712
300804.SZ,20240603,23.57,23.72,22.53,22.66,23.53,-0.87,-3.6974,8826.57,20245.728
300805.SZ,20240603,7.15,7.15,6.78,6.86,7.15,-0.29,-4.0559,96569.2,66815.686
300806.SZ,20240603,9.62,9.83,9.3,9.53,9.67,-0.14,-1.4478,125028.88,119136.383
300807.SZ,20240603,26.7,28.48,25.2,25.22,24.87,0.35,1.4073,60349.22,159798.248
300808.SZ,20240603,17.18,17.18,16.4,16.73,17.18,-0.45,-2.6193,23884.0,39883.418
300809.SZ,20240603,21.78,21.95,21.0,21.09,22.21,-1.12,-5.0428,65201.55,139610.828
300810.SZ,20240603,17.76,18.15,17.0,17.15,17.78,-0.63,-3.5433,22283.5,39025.049
300811.SZ,20240603,57.36,59.4,57.0,58.33,57.36,0.97,1.6911,41724.61,241913.349
300812.SZ,20240603,24.04,24.15,22.89,23.29,23.71,-0.42,-1.7714,61394.4,144196.444
300813.SZ,20240603,19.74,19.74,19.07,19.28,19.66,-0.38,-1.9329,20890.78,40393.47
300814.SZ,20240603,28.85,34.26,28.52,32.51,29.2,3.31,11.3356,183732.24,585075.633
300815.SZ,20240603,13.4,13.4,12.83,12.97,13.37,-0.4,-2.9918,34125.52,44475.415
300816.SZ,20240603,24.6,25.29,24.46,24.86,24.6,0.26,1.0569,14616.0,36435.274
300817.SZ,20240603,12.11,13.93,12.03,13.46,12.22,1.24,10.1473,159448.52,208143.832
300818.SZ,20240603,26.54,27.75,26.38,27.48,26.65,0.83,3.1144,28197.45,76607.845
300819.SZ,20240603,14.45,14.7,13.72,14.0,14.56,-0.56,-3.8462,60096.65,85014.645
300820.SZ,20240603,45.1,45.25,42.75,43.71,45.07,-1.36,-3.0175,40716.01,178156.911
300821.SZ,20240603,7.65,7.9,7.53,7.74,7.92,-0.18,-2.2727,185744.82,143547.782
300822.SZ,20240603,12.61,14.68,12.61,14.68,12.23,2.45,20.0327,198333.84,279677.93
300823.SZ,20240603,19.35,19.6,18.93,19.3,19.42,-0.12,-0.6179,32019.04,61694.968
300824.SZ,20240603,8.38,8.55,8.07,8.23,8.46,-0.23,-2.7187,68026.0,56495.959
300825.SZ,20240603,11.55,12.3,11.55,11.73,11.3,0.43,3.8053,294848.55,350300.271
300826.SZ,20240603,12.48,12.56,11.77,11.93,12.44,-0.51,-4.0997,56971.44,69236.333
300827.SZ,20240603,28.85,28.85,27.51,27.7,28.84,-1.14,-3.9528,88442.15,247304.009
300828.SZ,20240603,11.99,12.1,11.62,11.76,12.0,-0.24,-2.0,31263.0,36935.828
300829.SZ,20240603,16.47,16.47,15.91,16.12,16.39,-0.27,-1.6473,27383.87,44223.178
300830.SZ,20240603,6.21,6.31,5.91,5.99,6.31,-0.32,-5.0713,158650.7,95490.52
300831.SZ,20240603,11.6,11.88,11.35,11.51,11.7,-0.19,-1.6239,87187.0,101147.127
300832.SZ,20240603,77.75,78.0,73.64,77.73,75.72,2.01,2.6545,38441.7,295402.128
300833.SZ,20240603,83.96,84.0,81.17,82.09,82.32,-0.23,-0.2794,6055.23,49896.827
300834.SZ,20240603,18.4,18.87,18.32,18.7,18.62,0.08,0.4296,8028.0,14948.368
300835.SZ,20240603,24.91,25.03,24.32,24.56,24.8,-0.24,-0.9677,18070.6,44589.027
300836.SZ,20240603,35.9,36.68,35.38,35.98,35.85,0.13,0.3626,29180.2,105277.256
300837.SZ,20240603,24.87,26.06,24.46,24.7,24.45,0.25,1.0225,29882.0,75410.006
300838.SZ,20240603,11.55,11.62,10.99,11.06,11.55,-0.49,-4.2424,19320.0,21665.423
300839.SZ,20240603,7.5,7.54,7.16,7.25,7.5,-0.25,-3.3333,24513.82,17966.609
300840.SZ,20240603,11.83,11.9,11.19,11.37,11.84,-0.47,-3.9696,59813.0,68900.022
300841.SZ,20240603,58.15,58.19,56.51,56.81,57.9,-1.09,-1.8826,14339.0,82231.268
300842.SZ,20240603,48.02,48.02,47.08,47.63,48.19,-0.56,-1.1621,32807.8,155650.581
300843.SZ,20240603,30.2,35.15,30.2,34.3,30.4,3.9,12.8289,268721.27,879782.578
300844.SZ,20240603,25.9,26.25,24.8,25.13,25.98,-0.85,-3.2717,18621.8,47270.127
300845.SZ,20240603,11.45,11.45,10.74,10.95,11.45,-0.5,-4.3668,58094.34,64177.1
300846.SZ,20240603,10.33,10.44,10.07,10.16,10.33,-0.17,-1.6457,62789.0,63986.402
300847.SZ,20240603,15.55,15.85,15.33,15.63,15.62,0.01,0.064,55533.5,86551.588
300848.SZ,20240603,16.0,16.02,15.3,15.52,15.81,-0.29,-1.8343,26650.2,41417.215
300849.SZ,20240603,13.02,13.02,12.73,12.82,12.95,-0.13,-1.0039,14266.0,18333.006
300850.SZ,20240603,19.15,19.15,18.24,18.42,19.15,-0.73,-3.812,75781.44,140495.256
300851.SZ,20240603,23.55,23.81,23.02,23.22,23.68,-0.46,-1.9426,4803.0,11262.203
300852.SZ,20240603,23.4,24.45,23.2,23.9,23.38,0.52,2.2241,41418.32,99078.613
300853.SZ,20240603,15.95,18.88,15.6,17.16,15.84,1.32,8.3333,91841.6,157856.413
300854.SZ,20240603,11.46,11.49,10.55,10.78,11.46,-0.68,-5.9337,34464.0,37693.963
300855.SZ,20240603,25.8,26.1,25.25,25.92,25.91,0.01,0.0386,33414.85,85991.378
300856.SZ,20240603,35.8,36.67,35.6,36.1,35.85,0.25,0.6974,29919.2,108251.073
300857.SZ,20240603,56.45,59.35,56.17,58.53,55.85,2.68,4.7986,76242.28,444189.458
300858.SZ,20240603,15.67,16.1,15.51,15.7,15.64,0.06,0.3836,22155.04,34887.885
300859.SZ,20240603,31.03,31.23,28.58,29.14,31.03,-1.89,-6.0909,84042.62,248888.401
300860.SZ,20240603,23.24,23.36,22.7,22.93,23.29,-0.36,-1.5457,13073.44,30109.947
300861.SZ,20240603,22.81,22.85,22.29,22.48,22.89,-0.41,-1.7912,29852.03,67140.085
300862.SZ,20240603,33.4,34.33,33.13,34.15,33.45,0.7,2.0927,27652.0,93061.866
300863.SZ,20240603,49.87,49.9,47.88,48.52,49.31,-0.79,-1.6021,14903.28,72901.033
300864.SZ,20240603,20.69,21.13,20.12,20.37,20.68,-0.31,-1.499,9806.2,20118.963
300865.SZ,20240603,16.81,16.96,16.3,16.57,16.88,-0.31,-1.8365,9630.0,15973.098
300866.SZ,20240603,69.34,71.25,69.15,69.76,70.13,-0.37,-0.5276,38754.86,271739.293
300867.SZ,20240603,12.27,12.28,11.8,11.92,12.22,-0.3,-2.455,22831.51,27387.94
300868.SZ,20240603,15.79,15.98,15.34,15.55,15.96,-0.41,-2.5689,42101.63,65821.172
300869.SZ,20240603,15.34,15.35,14.8,14.9,15.25,-0.35,-2.2951,20231.44,30298.086
300870.SZ,20240603,45.76,48.34,45.76,47.38,46.26,1.12,2.4211,34767.01,163947.421
300871.SZ,20240603,12.1,12.18,11.79,11.96,11.98,-0.02,-0.1669,30990.5,37096.764
300872.SZ,20240603,12.8,12.84,12.43,12.62,12.8,-0.18,-1.4063,43021.95,54434.948
300873.SZ,20240603,16.29,16.45,15.85,16.06,16.39,-0.33,-2.0134,39271.31,63380.868
300875.SZ,20240603,24.58,24.68,23.25,23.63,24.62,-0.99,-4.0211,33249.2,79185.481
300876.SZ,20240603,19.21,19.53,18.76,19.15,19.31,-0.16,-0.8286,19862.0,37993.454
300877.SZ,20240603,12.43,12.56,11.59,11.77,12.53,-0.76,-6.0654,20531.0,24518.306
300878.SZ,20240603,16.24,16.32,15.79,16.04,16.35,-0.31,-1.896,15208.2,24357.69
300879.SZ,20240603,13.99,14.0,13.33,13.52,14.0,-0.48,-3.4286,42133.17,57377.151
300880.SZ,20240603,20.42,20.76,19.79,20.04,20.74,-0.7,-3.3751,103373.95,207260.316
300881.SZ,20240603,26.0,26.13,25.26,25.55,26.41,-0.86,-3.2563,27972.1,71817.123
300882.SZ,20240603,17.6,17.76,17.02,17.32,17.99,-0.67,-3.7243,110167.96,190403.604
300883.SZ,20240603,4.9,4.92,4.59,4.65,4.9,-0.25,-5.102,75005.2,35419.669
300884.SZ,20240603,9.15,9.15,8.83,8.9,9.16,-0.26,-2.8384,65127.18,58412.694
300885.SZ,20240603,8.39,8.48,7.94,8.06,8.26,-0.2,-2.4213,43720.28,35614.777
300886.SZ,20240603,18.63,18.7,16.92,17.22,18.54,-1.32,-7.1197,21773.16,38030.371
300887.SZ,20240603,8.92,9.0,8.5,8.68,8.84,-0.16,-1.81,153859.07,134281.095
300888.SZ,20240603,29.72,29.92,29.22,29.4,29.82,-0.42,-1.4085,18336.13,54087.972
300889.SZ,20240603,11.2,11.2,10.48,10.57,11.05,-0.48,-4.3439,30042.78,32283.39
300890.SZ,20240603,30.78,30.78,29.47,29.8,30.98,-1.18,-3.8089,66259.0,197677.637
300891.SZ,20240603,8.9,8.98,8.65,8.82,8.95,-0.13,-1.4525,88023.0,77503.755
300892.SZ,20240603,16.11,16.13,15.64,15.81,16.06,-0.25,-1.5567,11589.0,18367.142
300893.SZ,20240603,30.2,30.56,29.66,30.01,30.16,-0.15,-0.4973,11120.38,33417.546
300894.SZ,20240603,15.49,15.95,15.15,15.78,15.55,0.23,1.4791,103749.96,162112.407
300895.SZ,20240603,25.6,25.86,24.97,25.22,25.76,-0.54,-2.0963,21129.23,53728.45
300896.SZ,20240603,200.95,201.47,197.6,198.0,201.13,-3.13,-1.5562,19705.53,391877.47
300897.SZ,20240603,19.86,20.25,19.2,19.39,19.81,-0.42,-2.1201,11765.96,23246.572
300898.SZ,20240603,18.72,18.82,18.33,18.57,18.71,-0.14,-0.7483,17615.0,32672.92
300899.SZ,20240603,19.8,19.99,18.96,19.12,19.9,-0.78,-3.9196,22129.43,42856.639
300900.SZ,20240603,29.29,30.17,29.08,29.46,29.49,-0.03,-0.1017,112199.79,332059.452
300901.SZ,20240603,8.65,8.96,8.63,8.73,8.75,-0.02,-0.2286,95237.07,83519.119
300902.SZ,20240603,22.0,22.0,20.95,21.2,21.85,-0.65,-2.9748,20437.13,43445.968
300903.SZ,20240603,6.97,7.24,6.89,7.05,7.0,0.05,0.7143,199732.01,141559.452
300904.SZ,20240603,44.2,45.32,43.66,44.26,44.7,-0.44,-0.9843,11851.0,52512.276
300905.SZ,20240603,33.8,35.04,32.62,33.88,33.89,-0.01,-0.0295,108089.65,366191.202
300906.SZ,20240603,20.37,24.39,20.18,22.91,20.36,2.55,12.5246,65955.73,150314.059
300907.SZ,20240603,19.99,20.15,19.06,19.26,19.92,-0.66,-3.3133,26688.0,52233.851
300908.SZ,20240603,31.01,31.78,30.92,31.12,31.11,0.01,0.0321,12906.12,40441.842
300909.SZ,20240603,23.98,24.4,23.11,23.36,23.95,-0.59,-2.4635,51559.95,121857.221
300910.SZ,20240603,46.59,46.86,45.6,46.1,46.36,-0.26,-0.5608,11512.0,53123.062
300911.SZ,20240603,25.54,25.54,25.08,25.3,25.3,0.0,0.0,14623.62,36907.009
300912.SZ,20240603,11.3,11.36,10.22,10.35,11.15,-0.8,-7.1749,34248.0,36117.529
300913.SZ,20240603,34.94,37.66,34.35,36.61,34.65,1.96,5.6566,141009.34,510194.475
300915.SZ,20240603,29.85,30.77,29.63,29.94,30.4,-0.46,-1.5132,7544.5,22789.158
300916.SZ,20240603,26.5,27.16,26.01,26.28,26.44,-0.16,-0.6051,37789.35,100344.19
300917.SZ,20240603,39.85,40.43,39.15,39.66,39.95,-0.29,-0.7259,108970.56,433598.135
300918.SZ,20240603,10.15,11.55,10.14,10.67,9.85,0.82,8.3249,292205.51,314206.15
300919.SZ,20240603,35.18,35.51,34.2,34.49,35.34,-0.85,-2.4052,48540.12,167640.647
300920.SZ,20240603,15.61,15.87,15.26,15.39,15.67,-0.28,-1.7869,15635.05,24322.097
300921.SZ,20240603,17.96,18.03,17.07,17.24,17.67,-0.43,-2.4335,18139.0,31500.273
300922.SZ,20240603,15.33,15.4,14.6,14.9,15.41,-0.51,-3.3095,102066.6,153149.258
300923.SZ,20240603,17.61,17.75,17.0,17.06,17.64,-0.58,-3.288,13620.83,23616.242
300925.SZ,20240603,10.42,10.5,10.12,10.28,10.55,-0.27,-2.5592,122240.15,125879.724
300926.SZ,20240603,20.74,21.0,20.31,20.56,20.35,0.21,1.0319,57293.93,118448.288
300927.SZ,20240603,16.11,16.13,15.37,15.65,16.11,-0.46,-2.8554,59133.61,92669.196
300928.SZ,20240603,39.25,39.7,38.4,38.9,38.56,0.34,0.8817,23859.0,92812.308
300929.SZ,20240603,8.47,8.49,7.84,7.97,8.49,-0.52,-6.1249,21360.2,17268.471
300930.SZ,20240603,18.32,18.45,17.28,17.4,18.32,-0.92,-5.0218,18637.0,32862.874
300931.SZ,20240603,6.1,6.11,5.82,5.92,6.1,-0.18,-2.9508,51657.0,30736.004
300932.SZ,20240603,12.59,13.14,12.3,12.58,12.78,-0.2,-1.5649,47799.0,60343.869
300933.SZ,20240603,6.22,6.25,5.96,6.05,6.27,-0.22,-3.5088,169365.03,102758.049
300935.SZ,20240603,16.98,17.05,15.86,16.05,16.9,-0.85,-5.0296,16048.8,26080.288
300936.SZ,20240603,34.74,37.9,34.05,36.03,34.3,1.73,5.0437,71186.96,254572.618
300937.SZ,20240603,24.11,24.19,23.4,23.62,24.37,-0.75,-3.0776,17702.6,41986.749
300938.SZ,20240603,23.77,24.65,23.36,23.73,23.66,0.07,0.2959,28092.7,67624.546
300939.SZ,20240603,28.75,29.12,28.1,28.5,28.6,-0.1,-0.3497,25492.68,73165.444
300940.SZ,20240603,14.85,14.99,14.21,14.33,14.84,-0.51,-3.4367,20100.6,29182.474
300941.SZ,20240603,17.97,18.29,17.51,17.75,18.17,-0.42,-2.3115,50495.5,90101.45
300942.SZ,20240603,7.4,7.4,7.02,7.07,7.35,-0.28,-3.8095,32868.35,23440.468
300943.SZ,20240603,11.76,13.93,11.76,13.06,11.61,1.45,12.4892,245579.55,325771.074
300945.SZ,20240603,9.95,9.99,9.58,9.7,10.02,-0.32,-3.1936,98623.81,96420.668
300946.SZ,20240603,24.69,24.89,23.9,24.14,24.68,-0.54,-2.188,8798.8,21425.352
300947.SZ,20240603,16.54,16.7,15.95,16.16,16.55,-0.39,-2.3565,108732.52,177051.601
300948.SZ,20240603,9.45,9.45,9.01,9.1,9.36,-0.26,-2.7778,27426.5,25050.617
300949.SZ,20240603,33.92,34.29,32.5,32.96,33.84,-0.88,-2.6005,8935.0,29686.203
300950.SZ,20240603,16.0,16.49,15.9,16.09,16.18,-0.09,-0.5562,42697.0,69044.815
300951.SZ,20240603,30.12,30.55,29.1,29.47,30.15,-0.68,-2.2554,33655.45,99841.262
300952.SZ,20240603,20.41,22.42,20.41,21.55,20.89,0.66,3.1594,69842.4,151444.192
300953.SZ,20240603,61.22,63.0,61.17,61.98,63.03,-1.05,-1.6659,8533.6,52766.366
300955.SZ,20240603,14.62,14.62,13.58,13.82,14.62,-0.8,-5.472,15923.0,22246.334
300956.SZ,20240603,28.84,29.98,27.0,27.84,29.0,-1.16,-4.0,319453.84,902017.649
300957.SZ,20240603,53.4,53.4,52.15,52.89,53.4,-0.51,-0.9551,26250.31,138335.991
300958.SZ,20240603,12.05,12.05,11.3,11.5,12.06,-0.56,-4.6434,41792.0,48559.935
300959.SZ,20240603,25.91,26.5,24.63,24.93,25.97,-1.04,-4.0046,7894.96,19906.906
300960.SZ,20240603,17.18,17.35,16.6,16.78,17.18,-0.4,-2.3283,15886.0,26919.73
300961.SZ,20240603,8.7,8.7,8.14,8.27,8.69,-0.42,-4.8331,24958.0,20898.517
300962.SZ,20240603,14.06,14.19,13.81,13.93,14.09,-0.16,-1.1356,14689.34,20562.454
300963.SZ,20240603,11.21,11.3,10.67,10.74,11.46,-0.72,-6.2827,94368.64,102990.01
300964.SZ,20240603,32.4,33.6,31.9,32.7,32.05,0.65,2.0281,33505.0,109370.383
300965.SZ,20240603,27.14,27.98,27.02,27.12,27.02,0.1,0.3701,10143.75,27921.258
300966.SZ,20240603,18.65,18.77,17.91,18.16,18.73,-0.57,-3.0432,46920.34,85896.296
300967.SZ,20240603,10.91,11.68,10.91,11.62,10.91,0.71,6.5078,162627.87,184242.148
300968.SZ,20240603,9.73,9.97,9.46,9.6,9.74,-0.14,-1.4374,213242.14,206781.926
300969.SZ,20240603,84.88,87.17,83.73,84.4,83.96,0.44,0.5241,7936.44,67622.368
300970.SZ,20240603,13.95,14.1,13.36,13.5,13.9,-0.4,-2.8777,31905.0,43706.952
300971.SZ,20240603,21.11,21.98,19.82,20.1,19.12,0.98,5.1255,92300.46,189928.128
300972.SZ,20240603,24.98,25.36,24.18,24.4,25.17,-0.77,-3.0592,12112.0,29825.194
300973.SZ,20240603,34.66,34.95,34.03,34.37,34.8,-0.43,-1.2356,14151.46,48604.894
300975.SZ,20240603,10.03,10.42,10.0,10.19,9.95,0.24,2.4121,393646.35,402111.641
300976.SZ,20240603,42.75,43.98,42.25,42.95,42.86,0.09,0.21,15138.06,65413.353
300977.SZ,20240603,15.0,15.33,14.74,14.93,15.18,-0.25,-1.6469,25645.74,38475.628
300978.SZ,20240603,10.66,10.67,10.17,10.29,10.57,-0.28,-2.649,32370.11,33694.496
300979.SZ,20240603,67.7,69.38,67.18,67.87,67.66,0.21,0.3104,16017.95,109234.017
300980.SZ,20240603,18.27,18.41,17.42,17.63,18.25,-0.62,-3.3973,8311.32,14838.131
300981.SZ,20240603,11.58,11.58,10.97,11.06,11.51,-0.45,-3.9096,23085.32,25790.255
300982.SZ,20240603,22.29,22.69,21.0,21.2,22.79,-1.59,-6.9767,111291.99,239915.986
300983.SZ,20240603,16.92,17.05,16.52,16.73,17.06,-0.33,-1.9343,4280.83,7167.028
300984.SZ,20240603,23.0,23.45,22.09,22.22,22.7,-0.48,-2.1145,14874.84,33734.817
300985.SZ,20240603,24.73,25.66,24.3,24.58,24.88,-0.3,-1.2058,20127.0,50142.163
300986.SZ,20240603,8.12,8.13,7.72,7.79,8.09,-0.3,-3.7083,36647.49,28791.05
300987.SZ,20240603,13.18,13.31,12.89,13.02,13.13,-0.11,-0.8378,19862.3,26076.621
300988.SZ,20240603,18.01,18.03,17.05,17.25,17.77,-0.52,-2.9263,33491.0,58393.631
300989.SZ,20240603,17.11,17.15,16.45,16.76,16.86,-0.1,-0.5931,40286.3,67698.229
300990.SZ,20240603,32.54,32.93,31.45,31.89,32.57,-0.68,-2.0878,22413.0,71873.382
300991.SZ,20240603,17.2,18.9,16.96,18.28,17.2,1.08,6.2791,277508.3,499283.103
300992.SZ,20240603,16.7,16.7,15.88,16.06,16.59,-0.53,-3.1947,10209.7,16553.246
300993.SZ,20240603,11.4,11.45,11.01,11.19,11.39,-0.2,-1.7559,36233.28,40555.285
300994.SZ,20240603,11.9,12.3,11.7,11.96,11.89,0.07,0.5887,41616.4,49910.868
300995.SZ,20240603,16.76,17.19,16.26,16.63,16.8,-0.17,-1.0119,27107.94,45526.051
300996.SZ,20240603,15.02,15.05,14.58,14.71,15.02,-0.31,-2.0639,26254.54,38939.235
300997.SZ,20240603,14.1,14.4,13.88,14.1,13.99,0.11,0.7863,29689.99,41978.079
300998.SZ,20240603,24.58,24.58,23.1,23.88,24.3,-0.42,-1.7284,25014.15,59529.154
300999.SZ,20240603,30.08,30.41,29.78,29.96,30.08,-0.12,-0.3989,54007.02,162309.871
301000.SZ,20240603,19.75,19.9,19.21,19.46,19.8,-0.34,-1.7172,26657.48,51942.98
301001.SZ,20240603,19.57,20.08,18.13,18.48,19.82,-1.34,-6.7608,55376.19,105592.582
301002.SZ,20240603,15.38,15.54,14.44,14.61,15.25,-0.64,-4.1967,18247.26,27116.78
301003.SZ,20240603,24.81,24.81,23.91,24.22,24.65,-0.43,-1.7444,8457.5,20569.307
301004.SZ,20240603,80.0,83.49,80.0,81.62,80.41,1.21,1.5048,6244.5,51294.893
301005.SZ,20240603,36.5,37.08,34.47,35.26,37.08,-1.82,-4.9083,116918.94,418007.012
301006.SZ,20240603,12.85,12.85,12.28,12.34,12.87,-0.53,-4.1181,12192.83,15268.743
301007.SZ,20240603,13.0,13.11,12.46,12.62,13.0,-0.38,-2.9231,71458.87,91295.577
301008.SZ,20240603,26.63,27.2,25.94,26.21,26.63,-0.42,-1.5772,13849.2,36458.971
301009.SZ,20240603,8.69,8.69,8.26,8.37,8.66,-0.29,-3.3487,19845.0,16703.294
301010.SZ,20240603,12.84,12.84,12.27,12.5,12.84,-0.34,-2.648,22829.01,28653.394
301011.SZ,20240603,16.41,16.62,16.09,16.27,16.48,-0.21,-1.2743,16439.94,26851.994
301012.SZ,20240603,28.46,28.9,27.7,28.15,28.71,-0.56,-1.9505,141251.29,398659.649
301013.SZ,20240603,11.0,11.17,10.62,10.76,10.96,-0.2,-1.8248,68715.0,74417.347
301015.SZ,20240603,31.27,32.55,30.97,31.28,31.3,-0.02,-0.0639,24252.0,77402.071
301016.SZ,20240603,19.78,21.13,19.78,19.82,19.99,-0.17,-0.8504,40872.74,83325.839
301017.SZ,20240603,12.81,12.87,12.11,12.38,12.88,-0.5,-3.882,62332.0,77213.915
301018.SZ,20240603,21.9,21.99,21.05,21.16,21.9,-0.74,-3.379,33496.99,71735.465
301019.SZ,20240603,21.29,21.29,20.61,20.77,21.32,-0.55,-2.5797,12242.34,25538.968
301020.SZ,20240603,17.69,18.16,17.28,17.42,17.55,-0.13,-0.7407,18294.0,32329.16
301021.SZ,20240603,17.55,17.8,17.02,17.17,17.67,-0.5,-2.8297,33483.43,58127.928
301022.SZ,20240603,23.09,23.4,22.45,22.7,23.17,-0.47,-2.0285,19309.13,44168.844
301023.SZ,20240603,32.39,33.2,31.09,31.66,32.4,-0.74,-2.284,14324.0,46206.559
301024.SZ,20240603,20.5,20.83,19.33,19.68,20.85,-1.17,-5.6115,19926.5,39841.256
301025.SZ,20240603,9.93,10.36,9.88,10.1,9.95,0.15,1.5075,103085.41,104213.628
301026.SZ,20240603,26.17,26.39,24.91,25.23,26.38,-1.15,-4.3594,24836.0,63077.753
301027.SZ,20240603,7.99,8.02,7.51,7.59,7.9,-0.31,-3.9241,32096.86,24624.265
301028.SZ,20240603,9.63,9.73,9.35,9.47,9.66,-0.19,-1.9669,38995.0,37169.683
301029.SZ,20240603,22.68,23.33,22.43,22.75,22.63,0.12,0.5303,48506.84,111012.625
301030.SZ,20240603,35.38,35.64,34.05,34.38,35.72,-1.34,-3.7514,39549.8,137505.642
301031.SZ,20240603,88.67,90.5,86.7,88.39,89.36,-0.97,-1.0855,9152.0,80668.898
301032.SZ,20240603,7.67,7.8,7.28,7.38,7.67,-0.29,-3.781,26807.0,20043.308
301033.SZ,20240603,41.71,42.13,40.53,40.89,41.51,-0.62,-1.4936,7178.0,29556.917
301035.SZ,20240603,52.0,52.0,50.46,50.97,51.32,-0.35,-0.682,8055.0,40957.807
301036.SZ,20240603,20.62,20.88,19.55,20.06,21.43,-1.37,-6.3929,70729.2,142357.529
301037.SZ,20240603,13.79,13.84,12.76,12.86,13.63,-0.77,-5.6493,18016.6,23760.725
301038.SZ,20240603,15.03,15.08,14.44,14.59,15.07,-0.48,-3.1851,26057.66,38246.99
301039.SZ,20240603,9.33,9.37,8.85,8.95,9.32,-0.37,-3.97,197451.38,178344.263
301040.SZ,20240603,11.91,12.34,11.26,11.39,11.9,-0.51,-4.2857,35420.0,41871.869
301041.SZ,20240603,24.0,25.26,23.85,25.11,24.18,0.93,3.8462,89903.09,221494.375
301042.SZ,20240603,34.99,35.45,33.94,34.52,35.48,-0.96,-2.7057,23936.0,82801.835
301043.SZ,20240603,26.36,26.42,25.11,25.5,26.32,-0.82,-3.1155,7239.52,18643.762
301045.SZ,20240603,20.88,21.62,20.22,20.63,20.28,0.35,1.7258,53252.0,111252.541
301046.SZ,20240603,22.3,22.3,21.56,21.77,22.44,-0.67,-2.9857,30143.58,65709.802
301047.SZ,20240603,70.99,70.99,68.4,68.86,70.98,-2.12,-2.9868,6496.8,45074.524
301048.SZ,20240603,9.15,9.21,8.97,9.07,9.13,-0.06,-0.6572,34222.46,31110.466
301049.SZ,20240603,25.45,26.0,23.89,24.14,26.27,-2.13,-8.1081,64468.37,158766.665
301050.SZ,20240603,50.49,50.96,49.39,49.9,50.06,-0.16,-0.3196,37814.4,189626.981
301051.SZ,20240603,28.77,28.99,27.5,27.81,28.92,-1.11,-3.8382,18265.6,51186.962
301052.SZ,20240603,22.88,23.48,22.4,22.75,22.88,-0.13,-0.5682,36826.7,84241.654
301053.SZ,20240603,20.61,21.1,19.82,20.11,20.57,-0.46,-2.2363,12421.0,25281.304
301055.SZ,20240603,12.54,12.58,11.66,11.72,12.54,-0.82,-6.5391,21019.0,25200.199
301056.SZ,20240603,8.82,8.84,8.4,8.5,8.73,-0.23,-2.6346,27175.71,23324.213
301057.SZ,20240603,12.57,12.7,11.97,12.11,12.57,-0.46,-3.6595,20129.0,24628.455
301058.SZ,20240603,10.23,10.53,10.1,10.49,10.24,0.25,2.4414,120569.0,124751.061
301059.SZ,20240603,9.75,9.78,9.24,9.37,9.74,-0.37,-3.7988,18249.7,17251.324
301060.SZ,20240603,10.1,10.17,9.54,9.66,10.03,-0.37,-3.6889,42622.0,41480.188
301061.SZ,20240603,46.2,47.4,45.74,46.56,46.2,0.36,0.7792,17064.52,79820.173
301062.SZ,20240603,10.52,10.66,10.51,10.63,10.55,0.08,0.7583,17447.98,18453.881
301063.SZ,20240603,16.13,16.15,15.15,15.37,16.2,-0.83,-5.1235,32908.31,51181.189
301065.SZ,20240603,18.43,18.43,17.15,17.27,18.43,-1.16,-6.2941,10553.0,18570.678
301066.SZ,20240603,9.89,9.89,9.36,9.51,9.79,-0.28,-2.8601,18264.62,17490.597
301067.SZ,20240603,20.45,20.76,19.44,19.63,20.45,-0.82,-4.0098,24768.1,49449.201
301068.SZ,20240603,23.29,23.41,22.58,22.99,23.33,-0.34,-1.4574,4117.66,9439.024
301069.SZ,20240603,16.11,16.18,15.45,15.64,16.23,-0.59,-3.6352,38731.0,60892.919
301070.SZ,20240603,47.57,48.17,46.45,47.57,47.2,0.37,0.7839,7872.0,37321.157
301071.SZ,20240603,31.0,31.0,29.88,30.17,30.65,-0.48,-1.5661,29852.82,90577.259
301072.SZ,20240603,20.51,20.76,19.94,20.21,20.53,-0.32,-1.5587,14992.9,30534.119
301073.SZ,20240603,21.6,21.65,20.8,21.15,21.49,-0.34,-1.5821,36492.63,76974.243
301075.SZ,20240603,18.47,18.69,17.61,17.72,18.47,-0.75,-4.0606,9834.0,17658.859
301076.SZ,20240603,21.29,21.56,20.49,20.75,21.32,-0.57,-2.6735,34342.78,71834.841
301077.SZ,20240603,19.56,19.96,19.25,19.52,19.69,-0.17,-0.8634,23407.74,45915.46
301078.SZ,20240603,6.12,6.13,5.79,5.84,6.22,-0.38,-6.1093,148994.7,88014.362
301079.SZ,20240603,12.8,13.7,12.47,13.7,12.96,0.74,5.7099,134761.24,175406.082
301080.SZ,20240603,39.01,39.09,38.0,38.21,39.18,-0.97,-2.4758,16054.77,61677.61
301081.SZ,20240603,8.65,9.05,8.14,8.19,8.82,-0.63,-7.1429,76352.24,64697.224
301082.SZ,20240603,15.52,15.9,14.56,14.77,15.42,-0.65,-4.2153,104830.61,158889.963
301083.SZ,20240603,14.78,14.85,14.18,14.44,15.09,-0.65,-4.3075,104167.06,151027.404
301085.SZ,20240603,45.45,45.88,44.48,45.06,45.6,-0.54,-1.1842,16456.91,74345.823
301086.SZ,20240603,38.86,40.26,37.01,37.8,39.19,-1.39,-3.5468,39288.99,151897.131
301087.SZ,20240603,36.21,36.57,35.61,35.81,36.21,-0.4,-1.1047,7125.3,25718.848
301088.SZ,20240603,12.33,12.38,11.92,12.08,12.32,-0.24,-1.9481,8675.0,10510.757
301089.SZ,20240603,34.99,35.0,33.6,34.06,34.85,-0.79,-2.2669,28752.72,97954.684
301090.SZ,20240603,8.36,8.36,8.1,8.15,8.34,-0.19,-2.2782,30650.5,25147.662
301091.SZ,20240603,26.72,27.35,26.18,26.6,26.27,0.33,1.2562,162069.76,434422.411
301092.SZ,20240603,26.09,26.3,25.06,25.15,25.95,-0.8,-3.0829,16194.34,41107.727
301093.SZ,20240603,23.5,23.59,22.18,22.3,23.65,-1.35,-5.7082,29730.74,67040.375
301095.SZ,20240603,49.66,50.99,48.51,49.12,50.2,-1.08,-2.1514,33770.0,168154.739
301096.SZ,20240603,61.56,62.24,60.43,60.85,61.57,-0.72,-1.1694,11105.0,68016.107
301097.SZ,20240603,46.4,46.7,41.7,42.02,46.84,-4.82,-10.2904,11151.15,48040.043
301098.SZ,20240603,8.37,8.45,7.94,8.03,8.37,-0.34,-4.0621,25788.0,21030.46
301099.SZ,20240603,44.89,49.99,43.45,45.03,44.71,0.32,0.7157,98595.46,455387.986
301100.SZ,20240603,15.09,15.12,14.25,14.38,15.09,-0.71,-4.7051,21852.12,31782.568
301101.SZ,20240603,25.98,25.99,24.92,25.22,25.82,-0.6,-2.3238,9507.5,24109.456
301102.SZ,20240603,13.41,13.68,13.01,13.11,13.41,-0.3,-2.2371,23714.0,31535.258
301103.SZ,20240603,24.46,24.83,24.0,24.15,24.48,-0.33,-1.348,8785.14,21359.109
301105.SZ,20240603,27.6,27.74,26.0,26.29,27.6,-1.31,-4.7464,6956.0,18562.173
301106.SZ,20240603,34.7,38.88,32.8,35.35,35.8,-0.45,-1.257,121837.72,433053.038
301107.SZ,20240603,25.18,25.27,24.57,24.98,25.05,-0.07,-0.2794,10318.0,25738.791
301108.SZ,20240603,26.74,26.74,25.91,26.17,26.74,-0.57,-2.1316,3482.8,9142.694
301109.SZ,20240603,16.94,16.98,16.4,16.72,16.95,-0.23,-1.3569,25533.5,42599.823
301110.SZ,20240603,43.25,43.46,42.3,43.03,43.38,-0.35,-0.8068,9576.0,40984.845
301111.SZ,20240603,15.92,15.92,15.27,15.33,15.92,-0.59,-3.706,21745.0,33667.623
301112.SZ,20240603,21.14,21.77,20.7,21.39,21.55,-0.16,-0.7425,24437.0,51848.273
301113.SZ,20240603,21.79,21.79,20.58,20.81,21.86,-1.05,-4.8033,6403.0,13486.532
301115.SZ,20240603,15.68,15.68,15.26,15.45,15.39,0.06,0.3899,15762.24,24375.911
301116.SZ,20240603,9.86,10.11,9.82,9.95,9.87,0.08,0.8105,47545.13,47384.416
301117.SZ,20240603,32.27,32.98,30.81,31.45,32.8,-1.35,-4.1159,57454.0,181867.393
301118.SZ,20240603,18.37,18.43,17.43,17.61,19.11,-1.5,-7.8493,54795.58,98072.948
301119.SZ,20240603,20.37,20.61,19.41,19.65,20.39,-0.74,-3.6292,27360.79,54450.219
301120.SZ,20240603,10.1,10.12,9.4,9.44,10.13,-0.69,-6.8115,106728.25,102970.22
301121.SZ,20240603,41.8,41.8,40.0,40.2,42.32,-2.12,-5.0095,37731.47,152881.036
301122.SZ,20240603,22.39,22.39,21.18,21.43,22.36,-0.93,-4.1592,22315.8,48462.362
301123.SZ,20240603,18.61,19.56,18.61,19.1,18.63,0.47,2.5228,163806.84,312300.547
301125.SZ,20240603,13.55,13.67,12.57,12.76,13.53,-0.77,-5.6911,24181.2,31411.402
301126.SZ,20240603,9.68,9.7,9.3,9.42,9.74,-0.32,-3.2854,42808.0,40591.014
301127.SZ,20240603,11.27,11.4,11.01,11.24,11.23,0.01,0.089,70470.76,78651.594
301128.SZ,20240603,43.4,44.53,42.61,44.5,44.04,0.46,1.0445,29609.22,129469.887
301129.SZ,20240603,21.01,25.2,20.4,24.23,22.06,2.17,9.8368,169296.82,385142.524
301130.SZ,20240603,25.1,25.33,24.85,25.18,25.15,0.03,0.1193,3733.2,9367.706
301131.SZ,20240603,39.11,39.29,37.88,38.65,38.6,0.05,0.1295,17290.06,66366.059
301132.SZ,20240603,21.05,22.13,20.62,21.42,20.75,0.67,3.2289,60123.92,128151.639
301133.SZ,20240603,22.98,23.01,22.05,22.34,22.91,-0.57,-2.488,22987.34,51819.972
301135.SZ,20240603,21.5,23.0,20.88,20.99,21.61,-0.62,-2.869,59937.33,131486.961
301136.SZ,20240603,11.0,11.02,10.15,10.28,10.92,-0.64,-5.8608,69226.0,72991.758
301137.SZ,20240603,15.27,15.29,14.76,15.01,15.32,-0.31,-2.0235,38020.0,57063.031
301138.SZ,20240603,24.59,24.66,23.81,23.99,24.18,-0.19,-0.7858,13467.89,32668.559
301139.SZ,20240603,22.82,22.93,22.15,22.45,22.63,-0.18,-0.7954,26216.66,59104.33
301141.SZ,20240603,32.18,32.55,29.73,30.26,32.59,-2.33,-7.1494,67925.75,208853.46
301148.SZ,20240603,18.33,18.33,17.56,17.94,18.22,-0.28,-1.5368,13702.0,24444.976
301149.SZ,20240603,10.42,10.43,9.97,10.07,10.38,-0.31,-2.9865,29781.11,30176.519
301150.SZ,20240603,19.15,19.58,18.72,19.25,19.15,0.1,0.5222,20636.24,39257.52
301151.SZ,20240603,16.06,16.17,15.28,15.46,16.04,-0.58,-3.616,36899.66,57633.663
301152.SZ,20240603,24.17,24.24,23.25,23.6,24.27,-0.67,-2.7606,21298.64,50229.008
301153.SZ,20240603,28.5,28.65,27.93,28.16,28.72,-0.56,-1.9499,30252.0,85447.973
301155.SZ,20240603,48.5,48.97,47.5,48.08,48.99,-0.91,-1.8575,16440.95,78960.821
301156.SZ,20240603,13.77,14.0,13.38,13.55,13.82,-0.27,-1.9537,29334.57,40206.352
301157.SZ,20240603,35.04,35.2,33.88,34.47,35.19,-0.72,-2.046,8195.96,28206.234
301158.SZ,20240603,13.65,13.65,13.15,13.24,13.53,-0.29,-2.1434,18703.7,24900.827
301159.SZ,20240603,28.9,29.3,27.88,28.8,28.9,-0.1,-0.346,20580.24,58524.251
301160.SZ,20240603,41.32,42.35,39.9,40.26,41.34,-1.08,-2.6125,11503.0,46924.87
301161.SZ,20240603,16.58,16.58,15.84,16.04,16.58,-0.54,-3.2569,16148.0,26160.229
301162.SZ,20240603,48.0,49.49,47.06,48.66,48.09,0.57,1.1853,45186.21,217885.561
301163.SZ,20240603,22.49,22.5,21.03,21.39,22.53,-1.14,-5.0599,30827.0,66616.605
301165.SZ,20240603,32.41,33.66,32.08,32.62,32.74,-0.12,-0.3665,40300.04,132848.918
301166.SZ,20240603,29.02,29.34,28.53,28.64,29.18,-0.54,-1.8506,7647.0,22056.073
301167.SZ,20240603,12.21,12.87,11.89,11.97,12.17,-0.2,-1.6434,25294.8,31056.763
301168.SZ,20240603,32.6,32.8,31.77,32.0,32.88,-0.88,-2.6764,27618.0,88792.713
301169.SZ,20240603,29.13,30.36,29.0,29.51,29.12,0.39,1.3393,23093.0,68437.334
301170.SZ,20240603,25.22,25.5,24.36,24.66,25.45,-0.79,-3.1041,21505.18,53494.325
301171.SZ,20240603,15.85,15.95,15.44,15.63,15.89,-0.26,-1.6362,74073.56,115877.527
301172.SZ,20240603,31.77,32.21,30.34,30.72,31.53,-0.81,-2.569,27258.38,84885.05
301175.SZ,20240603,4.82,4.82,4.65,4.67,4.81,-0.14,-2.9106,167681.59,79056.17
301176.SZ,20240603,12.24,14.69,12.09,14.69,12.24,2.45,20.0163,57356.17,78869.518
301177.SZ,20240603,22.63,22.73,21.96,22.19,22.68,-0.49,-2.1605,10659.38,23748.177
301178.SZ,20240603,20.3,20.7,19.44,19.77,20.46,-0.69,-3.3724,26502.17,52856.984
301179.SZ,20240603,18.18,18.22,17.43,17.7,18.53,-0.83,-4.4792,74771.6,132101.475
301180.SZ,20240603,16.66,17.5,15.64,16.85,17.47,-0.62,-3.5489,231589.58,379738.826
301181.SZ,20240603,20.71,22.11,20.68,21.3,20.55,0.75,3.6496,33843.76,72301.367
301182.SZ,20240603,16.3,17.16,16.07,16.39,16.55,-0.16,-0.9668,59403.94,98313.612
301183.SZ,20240603,39.9,41.09,39.5,40.2,39.95,0.25,0.6258,42400.76,170791.186
301185.SZ,20240603,15.85,15.99,15.3,15.45,15.86,-0.41,-2.5851,27450.35,42879.965
301186.SZ,20240603,33.56,34.43,33.56,34.39,33.75,0.64,1.8963,18940.0,64472.249
301187.SZ,20240603,20.84,21.76,20.84,21.66,21.1,0.56,2.654,31275.64,67158.514
301188.SZ,20240603,17.9,18.04,17.14,17.43,17.74,-0.31,-1.7475,33890.09,59263.171
301189.SZ,20240603,22.19,22.82,21.38,21.5,22.22,-0.72,-3.2403,13204.94,28861.983
301190.SZ,20240603,17.18,17.18,15.85,15.96,17.0,-1.04,-6.1176,15512.0,25225.04
301191.SZ,20240603,76.8,78.27,73.71,74.9,75.2,-0.3,-0.3989,28231.06,214124.75
301192.SZ,20240603,17.0,17.36,16.4,16.76,17.01,-0.25,-1.4697,30882.32,51857.544
301193.SZ,20240603,18.13,18.58,17.83,18.08,18.26,-0.18,-0.9858,11965.2,21666.818
301195.SZ,20240603,32.35,33.25,32.28,32.97,32.29,0.68,2.1059,17349.5,56989.211
301196.SZ,20240603,30.12,30.39,29.3,29.46,30.6,-1.14,-3.7255,10097.07,30097.418
301197.SZ,20240603,13.59,13.69,12.82,13.01,13.65,-0.64,-4.6886,37506.44,49494.186
301198.SZ,20240603,8.64,8.74,8.23,8.34,8.71,-0.37,-4.248,26876.49,22694.928
301199.SZ,20240603,25.06,25.82,24.52,24.78,25.05,-0.27,-1.0778,35568.0,89462.698
301200.SZ,20240603,34.48,34.65,33.7,33.87,34.5,-0.63,-1.8261,6737.54,22989.477
301201.SZ,20240603,19.98,20.08,19.29,19.49,19.98,-0.49,-2.4525,15517.57,30362.998
301202.SZ,20240603,31.81,32.45,31.11,31.65,31.8,-0.15,-0.4717,42817.0,136022.055
301203.SZ,20240603,31.22,31.33,29.96,30.18,30.73,-0.55,-1.7898,6268.6,19117.146
301205.SZ,20240603,70.64,71.88,69.54,70.1,69.73,0.37,0.5306,34827.63,246234.339
301206.SZ,20240603,27.91,28.1,27.31,27.56,27.92,-0.36,-1.2894,9047.38,25031.445
301207.SZ,20240603,18.69,18.84,18.33,18.49,18.82,-0.33,-1.7535,23504.5,43609.416
301208.SZ,20240603,25.09,25.19,24.22,24.45,25.22,-0.77,-3.0531,19704.29,48491.384
301209.SZ,20240603,24.39,24.65,23.75,24.1,24.59,-0.49,-1.9927,26674.89,64488.826
301210.SZ,20240603,34.13,34.13,32.56,32.75,34.13,-1.38,-4.0434,7674.11,25476.665
301211.SZ,20240603,16.35,16.44,15.89,16.04,16.4,-0.36,-2.1951,18078.6,29196.197
301212.SZ,20240603,23.3,23.3,22.44,22.74,23.32,-0.58,-2.4871,14535.63,33079.872
301213.SZ,20240603,32.21,32.3,30.61,30.76,32.25,-1.49,-4.6202,23768.41,74435.037
301215.SZ,20240603,5.17,5.32,5.13,5.24,5.17,0.07,1.354,161944.43,85039.595
301216.SZ,20240603,11.92,11.95,11.52,11.64,11.94,-0.3,-2.5126,43125.82,50246.0
301217.SZ,20240603,10.52,11.1,10.24,10.81,10.53,0.28,2.6591,117962.98,126192.182
301218.SZ,20240603,21.49,21.74,20.63,20.86,21.48,-0.62,-2.8864,27683.0,58312.79
301219.SZ,20240603,41.69,42.49,41.11,41.95,42.02,-0.07,-0.1666,35146.87,147328.705
301220.SZ,20240603,27.53,27.76,26.28,27.09,27.7,-0.61,-2.2022,9665.01,26307.242
301221.SZ,20240603,37.0,37.83,35.7,36.1,36.72,-0.62,-1.6885,19104.0,70017.068
301222.SZ,20240603,24.89,25.06,24.12,24.37,24.8,-0.43,-1.7339,11791.17,29054.487
301223.SZ,20240603,15.24,15.24,14.69,14.84,15.17,-0.33,-2.1753,8330.93,12411.862
301225.SZ,20240603,28.91,29.21,27.35,27.56,28.48,-0.92,-3.2303,21407.67,60157.391
301226.SZ,20240603,17.0,17.05,16.01,16.25,16.97,-0.72,-4.2428,20860.0,34204.186
301227.SZ,20240603,22.3,22.35,21.7,21.85,22.33,-0.48,-2.1496,8098.76,17725.313
301228.SZ,20240603,10.74,10.78,10.1,10.21,10.75,-0.54,-5.0233,33414.0,34632.431
301229.SZ,20240603,23.54,23.63,22.92,23.11,23.6,-0.49,-2.0763,15492.02,35940.799
301230.SZ,20240603,32.59,32.84,31.86,32.35,32.87,-0.52,-1.582,21243.0,68438.092
301231.SZ,20240603,17.03,17.27,16.19,16.41,16.9,-0.49,-2.8994,19845.0,33034.709
301232.SZ,20240603,48.8,48.99,44.46,45.69,49.08,-3.39,-6.9071,50444.63,235138.757
301233.SZ,20240603,41.01,42.7,40.38,41.8,41.43,0.37,0.8931,34172.22,141979.392
301234.SZ,20240603,23.69,23.69,22.68,22.95,23.69,-0.74,-3.1237,9265.72,21461.717
301235.SZ,20240603,18.99,19.04,18.57,18.72,19.12,-0.4,-2.0921,7679.28,14407.413
301236.SZ,20240603,40.03,40.56,39.51,40.11,39.78,0.33,0.8296,313378.29,1256147.93
301237.SZ,20240603,22.6,22.92,21.4,21.8,22.66,-0.86,-3.7952,12473.26,27330.473
301238.SZ,20240603,17.37,17.37,17.0,17.18,17.47,-0.29,-1.66,72668.3,124649.679
301239.SZ,20240603,44.0,44.81,43.24,43.6,44.0,-0.4,-0.9091,16465.0,72283.648
301246.SZ,20240603,15.36,15.38,14.71,14.82,15.39,-0.57,-3.7037,39844.0,59563.755
301248.SZ,20240603,14.55,14.68,13.61,13.78,14.37,-0.59,-4.1058,64396.03,90428.271
301251.SZ,20240603,29.24,30.62,29.09,30.09,29.27,0.82,2.8015,47411.08,141384.44
301252.SZ,20240603,34.0,34.55,32.66,33.52,35.63,-2.11,-5.922,94338.34,315283.999
301255.SZ,20240603,31.07,32.2,30.72,31.06,30.71,0.35,1.1397,28631.72,90040.559
301256.SZ,20240603,7.07,7.07,6.65,6.71,6.98,-0.27,-3.8682,28452.0,19292.779
301257.SZ,20240603,42.72,42.76,41.05,41.32,42.76,-1.44,-3.3676,10133.54,42448.348
301258.SZ,20240603,29.91,30.0,28.6,29.11,29.9,-0.79,-2.6421,39352.13,115052.18
301259.SZ,20240603,21.6,22.25,21.54,21.75,21.53,0.22,1.0218,18409.74,40324.482
301260.SZ,20240603,15.5,15.61,15.04,15.25,15.55,-0.3,-1.9293,36722.0,56098.202
301261.SZ,20240603,40.8,42.33,39.12,39.6,40.67,-1.07,-2.6309,16574.06,67400.359
301262.SZ,20240603,25.25,26.19,25.1,25.55,25.39,0.16,0.6302,27678.63,70815.676
301263.SZ,20240603,13.73,13.74,13.37,13.46,13.75,-0.29,-2.1091,14660.34,19805.969
301265.SZ,20240603,8.89,8.96,8.66,8.7,8.97,-0.27,-3.01,32651.7,28498.642
301266.SZ,20240603,38.0,38.13,36.36,37.18,37.9,-0.72,-1.8997,37722.12,139405.437
301267.SZ,20240603,24.42,26.19,24.28,25.8,24.42,1.38,5.6511,145413.49,372845.644
301268.SZ,20240603,18.37,18.38,17.54,17.72,18.21,-0.49,-2.6908,14343.0,25561.906
301269.SZ,20240603,78.8,81.29,78.3,80.04,79.36,0.68,0.8569,25942.0,207520.199
301270.SZ,20240603,25.29,25.84,24.62,24.85,25.38,-0.53,-2.0883,17476.35,44095.989
301272.SZ,20240603,42.24,42.3,40.11,40.75,42.08,-1.33,-3.1606,15527.01,64055.117
301273.SZ,20240603,17.67,17.96,16.53,16.78,17.71,-0.93,-5.2513,12797.04,21788.116
301276.SZ,20240603,23.0,23.24,22.74,23.14,23.13,0.01,0.0432,5459.09,12565.692
301277.SZ,20240603,14.56,14.66,14.17,14.38,14.66,-0.28,-1.91,65750.5,94508.713
301278.SZ,20240603,38.53,38.94,37.17,37.6,39.27,-1.67,-4.2526,18968.78,71836.679
301279.SZ,20240603,18.21,18.21,17.21,17.37,18.07,-0.7,-3.8738,10689.0,18804.729
301280.SZ,20240603,42.59,42.79,39.68,40.09,42.48,-2.39,-5.6262,35468.84,145172.19
301281.SZ,20240603,25.35,25.45,24.15,24.47,25.44,-0.97,-3.8129,14564.2,35941.999
301282.SZ,20240603,18.05,18.89,17.83,18.43,18.17,0.26,1.4309,70540.0,129244.524
301283.SZ,20240603,32.08,32.5,31.15,31.92,31.82,0.1,0.3143,10266.54,32704.548
301285.SZ,20240603,24.45,24.7,23.59,24.09,24.53,-0.44,-1.7937,29201.0,70550.44
301286.SZ,20240603,30.0,30.45,29.81,30.21,30.39,-0.18,-0.5923,5210.84,15712.964
301287.SZ,20240603,27.06,27.07,25.89,26.19,27.07,-0.88,-3.2508,5833.0,15405.357
301288.SZ,20240603,12.81,12.81,11.82,11.99,12.73,-0.74,-5.813,20107.0,24413.647
301289.SZ,20240603,42.35,43.83,41.41,41.48,42.95,-1.47,-3.4226,21255.2,90118.716
301290.SZ,20240603,22.6,22.61,21.55,21.72,22.46,-0.74,-3.2947,10520.0,23133.313
301291.SZ,20240603,37.9,38.25,36.9,37.56,38.07,-0.51,-1.3396,42912.87,160598.721
301292.SZ,20240603,14.26,14.26,13.7,13.77,14.26,-0.49,-3.4362,18322.71,25487.533
301293.SZ,20240603,53.34,53.55,52.12,52.9,52.46,0.44,0.8387,30358.73,159969.254
301295.SZ,20240603,19.78,19.85,18.56,18.87,19.86,-0.99,-4.9849,44716.07,85376.116
301296.SZ,20240603,8.64,8.69,8.3,8.42,8.64,-0.22,-2.5463,28742.11,24335.09
301297.SZ,20240603,22.42,22.77,21.65,21.95,22.7,-0.75,-3.304,161701.89,359690.383
301298.SZ,20240603,14.2,14.24,13.42,13.64,14.14,-0.5,-3.5361,17561.4,24386.25
301299.SZ,20240603,46.87,47.66,45.9,46.41,47.18,-0.77,-1.632,12457.0,58282.452
301300.SZ,20240603,23.62,23.75,22.57,22.79,23.87,-1.08,-4.5245,12676.72,29223.846
301301.SZ,20240603,13.21,13.65,13.16,13.28,13.3,-0.02,-0.1504,450322.39,603116.723
301302.SZ,20240603,19.75,19.76,18.85,18.94,19.6,-0.66,-3.3673,36565.49,70121.125
301303.SZ,20240603,18.59,18.69,18.1,18.41,18.59,-0.18,-0.9683,25453.82,46825.412
301305.SZ,20240603,16.7,16.71,16.26,16.6,16.71,-0.11,-0.6583,17593.57,29027.148
301306.SZ,20240603,46.52,49.02,45.75,49.02,40.85,8.17,20.0,170500.05,813977.792
301307.SZ,20240603,21.55,21.88,21.12,21.39,21.55,-0.16,-0.7425,21934.6,46995.152
301308.SZ,20240603,87.68,92.62,87.68,91.05,86.79,4.26,4.9084,110474.83,1001838.05
301309.SZ,20240603,28.1,28.17,26.99,27.43,28.1,-0.67,-2.3843,6396.28,17611.135
301310.SZ,20240603,36.1,38.18,36.01,37.6,36.51,1.09,2.9855,25979.04,96592.358
301311.SZ,20240603,19.18,19.57,18.77,18.98,19.31,-0.33,-1.709,34495.0,66101.766
301312.SZ,20240603,42.46,44.1,40.18,41.0,42.35,-1.35,-3.1877,37219.24,155363.091
301313.SZ,20240603,22.82,23.15,22.2,22.45,22.71,-0.26,-1.1449,28886.64,65079.806
301314.SZ,20240603,30.79,31.98,30.09,30.45,31.07,-0.62,-1.9955,10423.28,32122.404
301315.SZ,20240603,46.42,46.53,44.72,45.26,46.23,-0.97,-2.0982,9103.0,41486.896
301316.SZ,20240603,16.35,16.49,15.78,15.9,16.37,-0.47,-2.8711,46636.28,75044.485
301317.SZ,20240603,17.68,17.89,16.93,17.05,17.59,-0.54,-3.0699,5634.94,9727.39
301318.SZ,20240603,30.4,30.8,29.29,29.71,30.15,-0.44,-1.4594,27806.72,82873.228
301319.SZ,20240603,32.85,34.09,31.78,32.45,32.91,-0.46,-1.3978,27042.08,88333.273
301320.SZ,20240603,15.08,15.12,14.31,14.58,14.99,-0.41,-2.7352,15749.5,23095.456
301321.SZ,20240603,13.74,14.0,13.03,13.36,13.75,-0.39,-2.8364,47646.3,63854.529
301322.SZ,20240603,22.65,22.69,21.41,21.59,22.56,-0.97,-4.2996,14605.67,32047.464
301323.SZ,20240603,34.05,34.93,32.84,33.41,34.43,-1.02,-2.9625,16681.18,56322.508
301325.SZ,20240603,48.87,49.29,48.43,48.98,49.47,-0.49,-0.9905,17905.14,87393.29
301326.SZ,20240603,29.97,30.19,27.9,28.38,30.03,-1.65,-5.4945,33897.7,97248.879
301327.SZ,20240603,66.5,66.72,63.57,64.48,65.75,-1.27,-1.9316,8453.45,54499.318
301328.SZ,20240603,40.9,42.77,40.8,41.83,40.15,1.68,4.1843,42821.75,178286.107
301329.SZ,20240603,26.6,27.36,23.9,23.92,23.52,0.4,1.7007,281642.01,717962.693
301330.SZ,20240603,23.96,23.96,22.92,23.14,23.7,-0.56,-2.3629,14688.3,34304.641
301331.SZ,20240603,26.95,27.5,25.8,26.02,26.81,-0.79,-2.9467,13274.24,35406.365
301332.SZ,20240603,10.3,10.43,10.17,10.31,10.29,0.02,0.1944,36793.73,37913.664
301333.SZ,20240603,44.44,44.55,43.1,43.22,44.49,-1.27,-2.8546,8057.67,35144.426
301335.SZ,20240603,18.65,18.68,17.96,18.03,18.65,-0.62,-3.3244,5424.6,9863.064
301336.SZ,20240603,32.03,32.9,30.82,31.12,32.55,-1.43,-4.3932,5256.0,16600.332
301337.SZ,20240603,28.58,28.93,27.71,28.11,28.59,-0.48,-1.6789,20703.5,58601.927
301338.SZ,20240603,30.39,31.14,29.92,30.36,30.72,-0.36,-1.1719,22384.0,68276.915
301339.SZ,20240603,20.19,21.18,19.61,20.17,19.79,0.38,1.9202,155007.01,313554.616
301345.SZ,20240603,64.82,69.44,64.31,67.67,64.8,2.87,4.429,15967.04,107785.915
301348.SZ,20240603,33.01,34.06,32.83,33.68,33.32,0.36,1.0804,60302.97,201931.749
301349.SZ,20240603,32.21,32.21,31.1,31.24,32.11,-0.87,-2.7094,7113.0,22349.363
301353.SZ,20240603,25.33,25.77,24.39,24.76,25.45,-0.69,-2.7112,9417.03,23621.823
301355.SZ,20240603,11.46,11.58,10.9,11.03,11.47,-0.44,-3.8361,13381.0,14920.965
301356.SZ,20240603,14.92,14.97,14.4,14.6,14.92,-0.32,-2.1448,8304.06,12153.409
301357.SZ,20240603,28.86,29.7,26.7,27.11,29.12,-2.01,-6.9025,54225.73,151557.944
301358.SZ,20240603,36.62,38.29,36.0,38.05,36.11,1.94,5.3725,96563.34,363603.48
301359.SZ,20240603,20.27,20.58,19.49,19.81,20.01,-0.2,-0.9995,29876.0,59488.611
301360.SZ,20240603,44.13,47.6,43.7,44.71,44.43,0.28,0.6302,19290.58,87848.042
301361.SZ,20240603,29.0,36.16,28.29,34.78,30.42,4.36,14.3327,220782.25,698059.987
301362.SZ,20240603,38.81,39.5,38.45,39.49,38.67,0.82,2.1205,28934.18,113376.278
301363.SZ,20240603,25.9,26.05,25.1,25.82,25.4,0.42,1.6535,31061.89,79351.192
301365.SZ,20240603,11.38,11.43,10.85,10.97,11.37,-0.4,-3.518,10921.41,12146.399
301366.SZ,20240603,32.5,35.0,32.5,34.54,32.26,2.28,7.0676,109720.58,373998.876
301367.SZ,20240603,58.2,58.7,57.16,57.82,58.2,-0.38,-0.6529,7503.0,43549.817
301368.SZ,20240603,47.7,50.5,47.55,48.24,46.74,1.5,3.2092,137556.93,672135.274
301369.SZ,20240603,42.21,44.4,42.21,44.4,43.18,1.22,2.8254,26405.9,115021.415
301370.SZ,20240603,12.84,12.91,12.4,12.51,12.9,-0.39,-3.0233,19049.94,24070.452
301371.SZ,20240603,33.48,33.61,32.89,33.1,33.03,0.07,0.2119,15487.85,51556.403
301372.SZ,20240603,26.58,26.68,25.37,25.62,26.68,-1.06,-3.973,11766.71,30468.777
301373.SZ,20240603,26.2,26.2,24.7,25.09,26.22,-1.13,-4.3097,10114.0,25766.441
301376.SZ,20240603,24.66,25.0,24.3,25.0,24.72,0.28,1.1327,24906.5,61502.434
301377.SZ,20240603,16.78,16.9,16.22,16.39,16.71,-0.32,-1.915,14496.19,23940.698
301378.SZ,20240603,31.5,31.92,29.92,30.16,31.44,-1.28,-4.0712,7020.5,21543.219
301379.SZ,20240603,25.9,26.05,25.5,25.8,25.92,-0.12,-0.463,27066.07,69754.333
301380.SZ,20240603,33.42,33.6,32.39,32.83,33.43,-0.6,-1.7948,8347.0,27595.136
301381.SZ,20240603,26.65,27.78,26.31,26.94,26.5,0.44,1.6604,46204.34,124893.046
301382.SZ,20240603,20.23,20.23,19.47,19.74,20.21,-0.47,-2.3256,44050.32,87234.867
301383.SZ,20240603,38.6,38.97,37.61,38.09,38.86,-0.77,-1.9815,27376.75,104513.77
301386.SZ,20240603,21.84,21.91,20.97,21.08,22.02,-0.94,-4.2688,22376.28,47571.42
301387.SZ,20240603,42.99,45.0,41.03,44.69,45.59,-0.9,-1.9741,155363.13,664427.358
301388.SZ,20240603,20.75,20.95,19.99,20.25,20.74,-0.49,-2.3626,10770.0,21780.557
301389.SZ,20240603,18.62,18.77,16.89,17.21,18.79,-1.58,-8.4087,311055.15,543757.776
301390.SZ,20240603,32.85,33.17,31.47,31.68,32.85,-1.17,-3.5616,10717.89,34350.849
301391.SZ,20240603,51.5,52.96,51.06,51.85,51.31,0.54,1.0524,19530.12,101569.719
301393.SZ,20240603,44.3,44.5,43.31,43.9,44.53,-0.63,-1.4148,10510.97,46055.663
301395.SZ,20240603,17.9,18.45,17.6,18.16,17.9,0.26,1.4525,25982.29,46974.504
301396.SZ,20240603,19.66,19.82,18.77,18.99,19.66,-0.67,-3.4079,17355.57,33240.061
301397.SZ,20240603,33.76,34.25,33.12,33.59,34.0,-0.41,-1.2059,7433.0,25026.158
301398.SZ,20240603,46.24,46.56,44.62,45.09,46.3,-1.21,-2.6134,15391.65,70154.566
301399.SZ,20240603,22.61,22.95,21.45,21.89,22.78,-0.89,-3.9069,30038.79,66244.249
301408.SZ,20240603,12.37,12.48,11.85,11.96,12.4,-0.44,-3.5484,20345.63,24612.538
301413.SZ,20240603,52.47,53.99,48.41,49.02,51.0,-1.98,-3.8824,43521.25,223027.2
301418.SZ,20240603,41.88,41.88,40.0,40.51,41.63,-1.12,-2.6904,22283.33,90746.705
301419.SZ,20240603,26.47,26.69,25.18,25.64,26.47,-0.83,-3.1356,23943.0,61787.431
301421.SZ,20240603,50.0,53.68,49.5,52.88,51.1,1.78,3.4834,87555.07,454280.838
301428.SZ,20240603,26.9,27.35,26.1,26.57,26.85,-0.28,-1.0428,24570.9,65764.448
301429.SZ,20240603,16.67,16.75,16.0,16.24,16.56,-0.32,-1.9324,34213.99,56096.659
301439.SZ,20240603,13.47,13.5,12.9,13.0,13.38,-0.38,-2.8401,55271.68,72234.474
301446.SZ,20240603,19.42,19.42,18.73,19.32,19.41,-0.09,-0.4637,16337.7,31224.016
301448.SZ,20240603,20.74,20.84,19.94,20.23,20.51,-0.28,-1.3652,20053.6,40649.957
301456.SZ,20240603,24.07,24.12,23.0,23.16,24.15,-0.99,-4.0994,19870.65,46521.259
301459.SZ,20240603,43.0,44.58,42.88,44.03,43.06,0.97,2.2527,12051.69,52988.628
301468.SZ,20240603,25.58,25.8,24.99,25.27,25.5,-0.23,-0.902,10527.61,26673.582
301469.SZ,20240603,27.06,27.12,25.72,26.09,27.11,-1.02,-3.7624,18234.37,48140.022
301486.SZ,20240603,44.71,46.82,44.71,46.42,44.8,1.62,3.6161,42929.92,197284.597
301487.SZ,20240603,29.25,29.25,28.16,28.51,29.14,-0.63,-2.162,31307.83,89789.344
301488.SZ,20240603,58.5,58.96,56.5,57.55,57.58,-0.03,-0.0521,25982.79,149820.169
301489.SZ,20240603,85.42,88.02,78.6,79.58,84.35,-4.77,-5.655,56307.82,466517.83
301498.SZ,20240603,54.15,55.3,53.66,54.16,54.1,0.06,0.1109,11348.92,61864.422
301499.SZ,20240603,25.03,25.35,23.8,24.4,24.96,-0.56,-2.2436,32895.93,80961.085
301500.SZ,20240603,19.36,19.8,19.15,19.37,19.97,-0.6,-3.0045,47414.1,91898.091
301502.SZ,20240603,37.3,37.62,35.9,36.59,37.34,-0.75,-2.0086,13726.74,50242.104
301503.SZ,20240603,32.3,32.79,30.94,32.29,33.2,-0.91,-2.741,56210.8,178674.906
301505.SZ,20240603,30.31,31.19,29.95,30.18,29.95,0.23,0.7679,20030.08,61138.778
301507.SZ,20240603,12.78,12.85,12.35,12.48,12.88,-0.4,-3.1056,26076.68,32758.109
301508.SZ,20240603,38.59,40.18,38.33,39.22,38.7,0.52,1.3437,77879.24,306405.891
301509.SZ,20240603,36.75,37.04,35.31,35.45,37.05,-1.6,-4.3185,18939.44,68374.971
301510.SZ,20240603,31.65,32.5,30.74,31.17,31.5,-0.33,-1.0476,26763.22,84399.735
301511.SZ,20240603,15.14,15.66,14.56,15.65,15.11,0.54,3.5738,134043.95,201713.641
301512.SZ,20240603,45.04,46.08,43.02,44.26,45.41,-1.15,-2.5325,18789.0,83802.115
301515.SZ,20240603,21.08,21.14,20.23,20.47,21.18,-0.71,-3.3522,13354.15,27573.789
301516.SZ,20240603,20.5,21.48,19.99,21.27,20.4,0.87,4.2647,109362.17,227790.738
301517.SZ,20240603,74.0,74.99,67.56,69.0,75.06,-6.06,-8.0735,118522.79,835228.472
301518.SZ,20240603,20.34,20.53,19.8,20.13,20.28,-0.15,-0.7396,17363.29,34871.602
301519.SZ,20240603,15.38,15.38,14.72,14.89,15.41,-0.52,-3.3744,17959.42,26985.7
301520.SZ,20240603,44.96,45.48,44.05,44.35,45.2,-0.85,-1.8805,5505.84,24545.756
301525.SZ,20240603,61.11,61.5,60.04,60.73,61.1,-0.37,-0.6056,8684.91,52710.583
301526.SZ,20240603,4.14,4.15,4.01,4.04,4.12,-0.08,-1.9417,236471.9,96122.544
301528.SZ,20240603,48.6,49.45,47.01,47.64,49.23,-1.59,-3.2297,10962.05,52782.448
301529.SZ,20240603,33.8,34.99,32.63,33.27,33.8,-0.53,-1.568,34258.74,115678.345
301533.SZ,20240603,27.56,27.79,26.35,26.83,27.57,-0.74,-2.6841,16993.22,45814.594
301536.SZ,20240603,38.12,39.28,37.51,38.49,38.11,0.38,0.9971,73308.85,280961.85
301538.SZ,20240603,107.0,112.58,107.0,108.7,106.04,2.66,2.5085,24619.2,269950.128
301539.SZ,20240603,25.23,25.77,24.34,25.5,25.23,0.27,1.0702,67407.91,168739.396
301548.SZ,20240603,58.35,59.42,57.76,59.34,58.35,0.99,1.6967,16414.31,96214.146
301550.SZ,20240603,55.0,57.25,51.51,54.98,47.71,7.27,15.2379,186852.7,1031361.553
301555.SZ,20240603,32.5,33.99,31.8,31.99,32.5,-0.51,-1.5692,20359.06,66920.97
301558.SZ,20240603,9.84,9.92,9.21,9.4,9.88,-0.48,-4.8583,112526.0,106731.219
301559.SZ,20240603,15.58,15.58,15.22,15.32,15.51,-0.19,-1.225,15478.79,23830.59
301566.SZ,20240603,18.16,19.68,17.98,19.36,18.45,0.91,4.9322,141011.38,265711.236
301567.SZ,20240603,44.96,46.07,43.64,44.59,45.32,-0.73,-1.6108,35558.81,159175.571
301568.SZ,20240603,31.97,32.51,31.39,31.86,31.97,-0.11,-0.3441,22871.32,73070.072
301577.SZ,20240603,50.74,52.95,50.74,51.89,50.85,1.04,2.0452,20607.6,106577.301
301578.SZ,20240603,54.44,57.3,53.7,54.92,54.69,0.23,0.4206,21315.89,117503.078
301587.SZ,20240603,29.3,29.49,28.32,28.9,29.41,-0.51,-1.7341,46261.92,132843.821
301588.SZ,20240603,25.6,26.04,24.6,25.26,25.66,-0.4,-1.5588,32109.11,80830.905
301589.SZ,20240603,228.2,242.0,227.01,232.26,232.2,0.06,0.0258,9694.46,228703.718
301591.SZ,20240603,47.6,48.8,46.65,47.04,48.0,-0.96,-2.0,44666.63,212092.414
301596.SZ,20240603,112.8,119.79,110.0,119.6,112.71,6.89,6.113,52696.42,601422.344
302132.SZ,20240603,40.25,40.48,38.18,39.18,40.36,-1.18,-2.9237,60841.95,239541.032
